in: 0.7075718015665796 0.75177304964539 0.040639671361502344 0.13637030516431925 0.04100645539906103 0.026115023474178403 1508 929 1 0.24049973487854004 0.2339818318684896 0.8943258285522461 0.193914794921875
out: 0.0
in: 0.783289817232376 0.6170212765957447 0.05010269953051643 0.1269806338028169 0.04012617370892019 0.032570422535211266 1464 864 1 0.20874544779459636 0.26936575571695964 0.9364913940429688 0.20380147298177084
out: 0.0
in: 0.5248041775456919 0.7092198581560284 0.02039319248826291 0.13989143192488263 0.03902582159624413 0.0 1422 765 1 0.21551275253295898 0.25323486328125 0.7308692932128906 0.18715022404988607
out: 0.0
in: 0.5378590078328982 0.6950354609929078 0.03983274647887324 0.12067194835680752 0.03873239436619718 0.0 1627 929 1 0.2410202980041504 0.21993236541748046 0.7284385045369466 0.20964148839314778
out: 0.0
in: 0.4960835509138381 0.6595744680851063 0.029856220657276996 0.14531983568075119 0.03609154929577465 0.0 1416 843 1 0.25663715998331704 0.19183336893717448 0.7136907577514648 0.207443904876709
out: 0.0
