in: 0.6945169712793734 0.6453900709219859 0.012764084507042254 0.1317488262910798 0.10534037558685445 0.05699823943661972 6768 4195 5 2.471629285812378 0.944076665242513 2.9297240416208905 0.9362714131673178
out: 0.0
in: 0.6318537859007833 0.6099290780141844 0.019732981220657277 0.13857100938967137 0.09352992957746478 0.0553843896713615 5911 4157 5 2.401873970031738 1.062716833750407 2.81194429397583 1.0690472920735676
out: 0.0
in: 0.597911227154047 0.574468085106383 0.016505281690140844 0.13673708920187794 0.10812793427230047 0.03022300469483568 5430 3899 5 2.3669963200887043 1.0559522310892742 2.7529932022094727 1.0629769961039226
out: 0.0
in: 0.639686684073107 0.6595744680851063 0.05076291079812206 0.09044894366197183 0.0826731220657277 0.009096244131455399 4765 3128 5 2.0515356222788492 1.1298421541849772 2.5533575852711996 1.2183019002278646
out: 0.0
in: 0.6318537859007833 0.7446808510638298 0.03022300469483568 0.12712734741784038 0.09793133802816902 0.005501760563380281 5198 3260 5 2.087974961598714 1.0122427304585775 2.5575220584869385 1.10226354598999
out: 0.0
in: 0.6214099216710183 0.6028368794326241 0.028682511737089203 0.10578051643192488 0.09213615023474178 0.007922535211267605 4906 3214 5 2.1218115011850993 1.0689610799153646 2.5465902487436933 1.1059060096740723
out: 0.0
in: 0.6240208877284595 0.624113475177305 0.05384389671361502 0.09433685446009389 0.0880281690140845 0.0030809859154929575 4919 3130 5 1.9541904131571455 0.9883065859476725 2.4429983139038085 1.035138193766276
out: 0.0
in: 0.6057441253263708 0.6028368794326241 0.03829225352112676 0.09873826291079812 0.08810152582159625 0.005134976525821597 4971 3127 5 2.0645496209462486 1.0398213704427084 2.483081610997518 1.086652978261312
out: 0.0
in: 0.6135770234986945 0.5886524822695035 0.06205985915492958 0.09147593896713616 0.0828931924882629 2.9342723004694836E-4 5272 3252 5 1.879229513804118 1.094458262125651 2.30765217145284 1.1064263343811036
out: 0.0
in: 0.5926892950391645 0.6312056737588653 0.06227992957746479 0.1042400234741784 0.07981220657276995 0.0 4935 3113 5 1.8105153401692706 1.0086002667744953 2.285268036524455 1.034617837270101
out: 0.0
