in: 0.7963446475195822 0.7943262411347518 0.10123239436619719 0.2400968309859155 0.15294894366197184 0.04416079812206573 3288 2152 4 2.65903164545695 0.8094820022583007 3.330036290486654 0.9229186375935872
out: 0.0
in: 0.6919060052219321 0.8652482269503546 0.06792840375586855 0.237162558685446 0.18933392018779344 0.02142018779342723 3408 2267 4 2.2753773371378583 0.8755665938059489 2.9245183944702147 1.0665356318155925
out: 0.0
in: 0.7650130548302873 0.9219858156028369 0.08017899061032864 0.2007775821596244 0.1643926056338028 0.059345657276995305 3782 2351 4 1.9724101384480792 0.9785961786905923 2.958354949951172 1.0602914174397786
out: 0.0
in: 0.7911227154046997 0.900709219858156 0.08215962441314555 0.22931338028169015 0.18207159624413147 0.05076291079812206 3412 2290 4 2.15252472559611 1.0186633110046386 3.0572486241658527 1.1008681615193683
out: 0.0
in: 0.7154046997389034 0.8865248226950354 0.08560739436619719 0.1885269953051643 0.1869131455399061 0.029049295774647887 3764 2466 4 2.099427318572998 0.8604763984680175 2.982762845357259 0.8697351773579916
out: 0.0
in: 0.7780678851174935 0.8226950354609929 0.03953931924882629 0.2191167840375587 0.18823356807511737 0.05046948356807512 3450 2167 4 2.2555959701538084 0.9302035490671794 3.0676729838053385 1.0030527432759602
out: 0.0
in: 0.6266318537859008 0.7872340425531915 0.035357981220657274 0.23650234741784038 0.17480927230046947 0.013791079812206572 3506 2230 4 2.229567845662435 0.8854533195495606 2.9031753540039062 0.9588228543599446
out: 0.0
in: 0.6788511749347258 0.75177304964539 0.05377053990610329 0.21728286384976525 0.19080105633802816 0.02039319248826291 3471 2267 4 2.3534616788228355 0.7720166524251302 2.9666839599609376 0.9073080380757649
out: 0.0
in: 0.7519582245430809 0.8014184397163121 0.06785504694835681 0.20151115023474178 0.16497946009389672 0.0707893192488263 3657 2191 4 2.41540854771932 0.8635985056559246 3.1962518692016597 0.9504972139994303
out: 0.0
