in: 0.23759791122715404 0.5531914893617021 0.0 0.09286971830985916 0.028535798122065727 0.0 5341 1458 4 1.9786569277445474 0.5805273056030272 2.0327953338623046 0.499352486928304
out: 0.0
in: 0.22193211488250653 0.5602836879432624 0.0 0.07988556338028169 0.02464788732394366 0.0 3716 1522 3 1.526288382212321 0.4152318636576335 1.570015589396159 0.3252110163370768
out: 0.0
in: 0.2845953002610966 0.5035460992907801 0.0 0.05494424882629108 0.06536091549295775 0.0 3355 1511 3 1.6720457077026367 0.41627254486083987 1.773555374145508 0.290867821375529
out: 0.0
in: 0.20887728459530025 0.5390070921985816 0.0 0.08494718309859155 0.023620892018779344 0.0 3185 1431 3 1.5252472241719564 0.5208632151285807 1.5590837478637694 0.42199643452962243
out: 0.0
in: 0.2245430809399478 0.524822695035461 0.0 0.08039906103286384 0.03352406103286385 0.0 3222 1422 3 1.5939614613850912 0.45113611221313477 1.6546864191691082 0.3625407854715983
out: 0.0
in: 0.22193211488250653 0.48226950354609927 0.0 0.07665786384976526 0.029049295774647887 0.0 3194 1542 3 1.555439821879069 0.5036916097005208 1.6246746063232422 0.43136275609334307
out: 0.0
in: 0.23759791122715404 0.46808510638297873 0.0 0.05112969483568075 0.05193661971830986 0.0 3258 1408 3 1.6153044700622559 0.5546860694885254 1.6881832122802733 0.4552989323933919
out: 0.0
in: 0.2402088772845953 0.3971631205673759 0.0 0.05259683098591549 0.04203345070422535 0.0 2891 1394 3 1.5835501988728842 0.5395958582560221 1.671880340576172 0.4580659866333008
out: 0.0
in: 0.2349869451697128 0.5035460992907801 0.0 0.0619131455399061 0.0539906103286385 0.0 3351 1489 3 1.6028109868367513 0.5021305720011393 1.6408120473225911 0.36111532847086586
out: 0.0
