in: 0.9530026109660574 0.723404255319149 0.14487969483568075 0.12074530516431925 0.2084800469483568 0.2326144366197183 6672 5053 3 1.955752150217692 0.6806111335754395 2.7740758895874023 0.7019455591837566
out: 0.0
in: 0.95822454308094 0.7730496453900709 0.13593016431924881 0.10871478873239436 0.3587147887323944 0.1997505868544601 6090 4836 3 1.9489848375320435 0.7430533409118653 2.742842165629069 0.759704558054606
out: 0.0
in: 0.9738903394255874 0.8936170212765957 0.1349031690140845 0.1283744131455399 0.3229900234741784 0.2706132629107981 6890 5554 4 1.9239978453765314 0.9936864217122395 2.7667880675445 1.0717391649881998
out: 0.0
in: 0.9556135770234987 0.8156028368794326 0.13893779342723006 0.15104166666666666 0.3144072769953052 0.1843456572769953 6175 4865 4 2.501821871598562 0.8719241460164389 3.0851118405659994 1.0902116139729818
out: 0.0
in: 0.9817232375979112 0.8297872340425532 0.11047535211267606 0.1054137323943662 0.23144072769953053 0.3056044600938967 7174 5564 4 2.553357517719269 0.970270601908366 3.149401251475016 1.1529139836629232
out: 0.0
in: 0.9530026109660574 0.8581560283687943 0.13615023474178403 0.15625 0.3574677230046948 0.24882629107981222 6377 5158 4 2.3800103108088173 0.8693224271138509 3.047891648610433 1.050404707590739
out: 0.0
in: 0.9268929503916449 0.8794326241134752 0.16541960093896713 0.13739730046948356 0.3390551643192488 0.12507335680751175 6406 4671 6 3.3565849603464204 1.2842102368672688 3.930244539305568 1.5657203992207844
out: 0.0
in: 0.9477806788511749 0.8014184397163121 0.14091842723004694 0.13101525821596244 0.2420774647887324 0.23584213615023475 6557 4849 6 4.37428408463796 1.327399412790934 4.933888403574626 1.5381417592366535
out: 0.0
in: 0.9530026109660574 0.851063829787234 0.137837441314554 0.13167546948356806 0.24435152582159625 0.26885269953051644 6617 5635 4 1.5356584530323742 0.9858811060587565 2.223413910592596 1.1582849184672037
out: 0.0
