in: 0.391644908616188 0.8226950354609929 0.0 0.13578345070422534 0.12910798122065728 0.0 1628 1082 2 1.0156168301900228 0.45911773045857746 1.3154606501261394 0.3368350982666016
out: 0.0
in: 0.3838120104438642 0.7588652482269503 0.0 0.08480046948356808 0.17209507042253522 0.0 1699 1094 2 1.0989068031311036 0.48981847763061526 1.3857365290323893 0.3675358454386393
out: 0.0
in: 0.3629242819843342 0.7092198581560284 0.0 0.06345363849765258 0.17590962441314553 1.4671361502347418E-4 1743 1178 2 1.096824550628662 0.4611991246541341 1.4393543879191082 0.347502326965332
out: 0.0
in: 0.34986945169712796 0.7801418439716312 0.0 0.07849178403755869 0.17018779342723006 0.0 1625 1122 2 1.1103591918945312 0.47733004887898767 1.378461774190267 0.36388270060221356
out: 0.0
in: 0.38642297650130547 0.7872340425531915 0.0 0.08736795774647887 0.17495598591549297 0.0 1595 1121 2 1.079125436147054 0.4965830167134603 1.373763656616211 0.33371302286783855
out: 0.0
in: 0.3289817232375979 0.7943262411347518 0.0 0.07592429577464789 0.18339201877934272 0.0 1741 1163 2 1.0853721936543783 0.46640262603759763 1.37532533009847 0.33475370407104493
out: 0.0
in: 0.3472584856396867 0.8226950354609929 0.0 0.1330692488262911 0.14590669014084506 0.0 1763 1226 2 1.0499739329020183 0.45495491027832036 1.319357426961263 0.37092555363972984
out: 0.0
in: 0.34464751958224543 0.7943262411347518 0.0 0.07592429577464789 0.1864730046948357 0.0 1725 1105 2 1.133263905843099 0.4752485911051432 1.4331076939900718 0.3789835929870606
out: 0.0
in: 0.34986945169712796 0.8794326241134752 0.0 0.048048708920187796 0.21522887323943662 0.004768192488262911 1627 1139 2 1.2066631317138672 0.4731672286987305 1.5065069834391276 0.36649516423543294
out: 0.0
