in: 0.7597911227154047 0.9645390070921985 0.14700704225352113 0.3031836854460094 0.17568955399061034 0.029562793427230047 7453 4499 6 2.167100429534912 0.6644715309143066 2.8655753771464028 1.0041416803995769
out: 0.0
in: 0.7154046997389034 0.9716312056737588 0.15669014084507044 0.32856514084507044 0.18082453051643194 0.014818075117370893 5882 3928 5 1.7027589241663614 0.5616182963053385 2.6413325627644855 0.8181516011555989
out: 0.0
in: 0.7023498694516971 0.9432624113475178 0.1459800469483568 0.30861208920187794 0.19417546948356806 0.016285211267605633 6831 4244 6 2.651223254203796 0.7139049847920735 3.4206141789754234 1.0224734624226888
out: 0.0
in: 0.7180156657963447 0.9858156028368794 0.15404929577464788 0.29731514084507044 0.19865023474178403 0.0069688967136150234 6707 4210 6 2.0718375285466513 0.861164410909017 2.8917229652404783 1.1853434880574545
out: 0.0
in: 0.814621409921671 0.9361702127659575 0.2235181924882629 0.26239730046948356 0.15602992957746478 0.07577758215962441 6637 4238 5 1.8901613871256513 0.4986557960510254 2.7402393976847326 0.7942154566446941
out: 0.0
