in: 0.804177545691906 0.3900709219858156 0.08017899061032864 0.061326291079812204 0.09595070422535211 0.05523767605633803 22894 11029 9 3.999479345480601 1.2488176981608075 4.60411231915156 1.3658967971801759
out: 0.0
in: 0.8015665796344648 0.3546099290780142 0.07585093896713616 0.0846537558685446 0.0710093896713615 0.046581572769953054 13501 8059 8 3.1858406305313114 0.9794518788655598 3.7844871481259665 1.1771855036417642
out: 0.0
in: 0.814621409921671 0.3971631205673759 0.06946889671361503 0.05978579812206573 0.079518779342723 0.07350352112676056 14492 8774 8 3.315981101989746 1.0470975875854491 3.9203538497289023 1.2417091051737468
out: 0.0
in: 0.8955613577023499 0.40425531914893614 0.06565434272300469 0.05112969483568075 0.07056924882629108 0.09668427230046948 17114 9591 9 3.9495054324467977 1.058889357248942 4.672566270828247 1.2256620089213055
out: 0.0
in: 0.7702349869451697 0.48226950354609927 0.07834507042253522 0.0448943661971831 0.09551056338028169 0.03374413145539906 27629 11349 11 4.2097864985466 1.1329469045003258 4.831962641080221 1.3504538853963217
out: 0.0
