in: 0.9608355091383812 0.7588652482269503 0.13893779342723006 0.13204225352112675 0.11032863849765258 0.12338615023474178 9161 4323 8 4.458615159988403 1.109539826711019 4.854089832305909 1.4056198120117187
out: 0.0
in: 0.9216710182767625 0.7730496453900709 0.14700704225352113 0.12118544600938967 0.12419307511737089 0.09338321596244131 6962 4689 8 3.8771471897761023 1.0377312819163005 4.288676873842875 1.4137514114379883
out: 0.0
in: 0.9268929503916449 0.8156028368794326 0.18207159624413147 0.11421654929577464 0.09734448356807512 0.10137910798122066 9037 5570 10 4.083289724836747 1.454700501759847 4.68037471373876 1.8652578671773274
out: 0.0
in: 0.9242819843342036 0.7163120567375887 0.1325557511737089 0.10145246478873239 0.09675762910798122 0.11150234741784038 8470 4520 8 4.214992062250773 1.0111933549245198 4.728820959726969 1.2963629404703776
out: 0.0
in: 0.9033942558746736 0.6879432624113475 0.14700704225352113 0.10842136150234742 0.1010856807511737 0.07592429577464789 7683 5663 8 3.775117063522339 0.9846554279327392 4.2825705448786415 1.2527310212453207
out: 0.0
in: 0.9190600522193212 0.7801418439716312 0.1481807511737089 0.11869131455399061 0.10137910798122066 0.13328931924882628 7191 5220 8 4.147319046656291 1.0762373129526774 4.625195089975993 1.3910499413808188
out: 0.0
in: 0.9347258485639687 0.8085106382978723 0.18595950704225353 0.12316607981220658 0.11157570422535211 0.12830105633802816 8684 5061 10 4.499219028155009 1.4666686216990152 4.963039954503377 1.780440584818522
out: 0.0
in: 0.9634464751958225 0.8723404255319149 0.18801349765258216 0.139231220657277 0.11216255868544601 0.13497652582159625 6964 5214 8 4.112441362937291 1.1563714504241944 4.709005586306254 1.4538094838460287
out: 0.0
in: 0.9425587467362925 0.851063829787234 0.1698943661971831 0.14781396713615025 0.1224325117370892 0.13189553990610328 7378 5139 8 3.9344090700149534 1.172502342859904 4.490572929382324 1.5718936920166016
out: 0.0
in: 0.9425587467362925 0.8652482269503546 0.18309859154929578 0.143412558685446 0.14561326291079812 0.09485035211267606 7664 5185 8 3.7204580465952555 1.461817773183187 4.29932320912679 1.678283977508545
out: 0.0
