in: 0.8198433420365535 0.6524822695035462 0.13130868544600938 0.11810446009389672 0.12169894366197183 0.07856514084507042 16170 7344 4 1.1218115081389746 0.893258539835612 1.8578864733378095 0.9351468722025553
out: 0.0
in: 0.7284595300261096 0.5460992907801419 0.1167106807511737 0.10372652582159625 0.14722711267605634 0.010269953051643193 7032 6127 2 0.6907860279083252 0.5449757258097331 1.2920353571573893 0.5569437980651856
out: 0.0
in: 0.7389033942558747 0.5957446808510638 0.10834800469483569 0.10306631455399061 0.15375586854460094 0.02068661971830986 8603 6111 3 0.8859968503316243 0.64730863571167 1.4955751736958822 0.6244131724039714
out: 0.0
in: 0.7023498694516971 0.6170212765957447 0.11018192488262911 0.10710093896713616 0.12309272300469483 0.007995892018779342 7214 5620 3 0.8896408160527547 0.6733262062072753 1.4518479506174724 0.6551139195760092
out: 0.0
in: 0.8120104438642297 0.6737588652482269 0.13534330985915494 0.0801056338028169 0.10218603286384977 0.07856514084507042 7385 6007 3 0.9552315950393677 0.6509510993957519 1.6299476305643716 0.6244384129842122
out: 0.0
in: 0.7441253263707572 0.6524822695035462 0.1327024647887324 0.10996185446009389 0.12353286384976526 0.014011150234741783 5852 5209 2 0.6892243186632793 0.48409461975097656 1.2613222122192385 0.4531336784362793
out: 0.0
in: 0.8642297650130548 0.6312056737588653 0.11164906103286384 0.08399354460093897 0.08942194835680752 0.09433685446009389 6675 5284 3 1.0213430027167 0.7170357386271159 1.771201753616333 0.6654809315999349
out: 0.0
in: 0.814621409921671 0.5673758865248227 0.12727406103286384 0.08832159624413145 0.10401995305164319 0.05252347417840376 6333 5118 3 0.868297744790713 0.6832128842671712 1.478396685918172 0.6519918123881022
out: 0.0
in: 0.8093994778067886 0.5602836879432624 0.12522007042253522 0.08017899061032864 0.10328638497652583 0.08127934272300469 6572 5195 3 0.9349297046661377 0.6342998186747233 1.6189483801523843 0.6025583902994792
out: 0.0
in: 0.7754569190600522 0.5390070921985816 0.10394659624413145 0.07497065727699531 0.09653755868544601 0.06528755868544601 5827 4562 3 0.9984383265177409 0.6894570986429851 1.6246746063232422 0.6925792376200357
out: 0.0
