in: 0.9425587467362925 0.851063829787234 0.18823356807511737 0.1827318075117371 0.15837734741784038 0.09822476525821597 8093 5782 9 3.861530383676291 1.4309406280517578 4.415408575783173 2.1349763234456374
out: 0.0
in: 0.9530026109660574 0.8297872340425532 0.18251173708920188 0.2126613849765258 0.15280223004694835 0.10724765258215962 8723 5778 10 4.520041569073995 1.6644021987915039 4.97646153618892 2.4522595723470046
out: 0.0
in: 0.9321148825065274 0.8226950354609929 0.1864730046948357 0.20026408450704225 0.14311913145539906 0.08890845070422536 7963 5431 9 3.8355022574464477 1.5089934349060057 4.2807153865695 2.2392140070597333
out: 0.0
in: 0.9660574412532638 0.9148936170212766 0.18544600938967137 0.191681338028169 0.15155516431924881 0.1036531690140845 8811 5988 9 4.018219561378161 1.5011881510416671 4.54242571592331 2.240087350209554
out: 0.0
in: 0.9973890339425587 0.8581560283687943 0.18772007042253522 0.1729019953051643 0.16806044600938966 0.1414319248826291 8386 5843 9 4.133784394462904 1.4475919405619302 4.696467924118042 2.2088839213053384
out: 0.0
