in: 0.6945169712793734 0.7163120567375887 0.0 0.1395980046948357 0.22234448356807512 0.19036091549295775 4808 4026 3 1.504424730936686 0.3845311164855957 2.714731852213542 0.2560043017069499
out: 0.0
in: 0.7441253263707572 0.7021276595744681 0.022813967136150234 0.20576584507042253 0.22065727699530516 0.10922828638497653 4861 4123 3 1.3055699666341147 0.20553019841512044 2.5330686569213867 0.2153646469116211
out: 0.0
in: 0.6788511749347258 0.6666666666666666 0.0 0.16175176056338028 0.22373826291079812 0.14759389671361503 4564 3866 3 1.5642894426981608 0.2018877347310384 2.635606384277344 0.2648502667744954
out: 0.0
in: 0.7310704960835509 0.6950354609929078 0.023914319248826293 0.17488262910798122 0.17950410798122066 0.10167253521126761 4584 3900 3 1.4081206957499186 0.23571057319641114 2.534617360432943 0.27421658833821616
out: 0.0
in: 0.6318537859007833 0.6382978723404256 0.01034330985915493 0.18933392018779344 0.1623386150234742 0.057511737089201875 4628 3901 3 1.4065590222676594 0.2752572695414225 2.331598091125488 0.3808886528015137
out: 0.0
in: 0.6109660574412533 0.624113475177305 0.0 0.1728286384976526 0.20914025821596244 0.06125293427230047 4347 3685 3 1.536179002126058 0.2122947374979655 2.3550233840942383 0.36163562138875327
out: 0.0
in: 0.6631853785900783 0.624113475177305 0.03491784037558685 0.10394659624413145 0.12881455399061034 0.06829518779342723 3421 3061 1 0.3144195556640625 0.06382689476013184 0.8630921045939127 0.12158590952555338
out: 0.0
in: 0.6997389033942559 0.6312056737588653 0.014818075117370893 0.1775968309859155 0.19278169014084506 0.0828931924882629 4113 3493 3 1.48099946975708 0.169105593363444 2.449245071411133 0.23727162679036456
out: 0.0
in: 0.6736292428198434 0.6453900709219859 0.011957159624413146 0.17077464788732394 0.21867664319248825 0.11179577464788733 4110 3553 3 1.586152998606364 0.10093952814737955 2.254567337036133 0.1883551120758057
out: 0.0
