in: 0.6919060052219321 0.6950354609929078 0.09991197183098592 0.22058392018779344 0.11964495305164319 1.4671361502347418E-4 10180 3351 3 0.8157209714253744 0.2981527805328369 1.3440915584564208 0.49510580698649087
out: 0.0
in: 0.5091383812010444 0.75177304964539 0.1056338028169014 0.2604166666666667 0.06675469483568075 0.0 5218 3737 2 0.5346173763275146 0.22600021362304687 0.9095245043436686 0.402294921875
out: 0.0
in: 0.5326370757180157 0.7659574468085106 0.0755575117370892 0.19241490610328638 0.13600352112676056 0.0 6119 3544 4 1.5366995652516682 0.36822388966878256 1.687402311960856 0.83940216700236
out: 0.0
in: 0.5535248041775457 0.75177304964539 0.07731807511737089 0.2475792253521127 0.12888791079812206 0.0 6535 4097 3 1.1134825388590497 0.3080394426981608 1.474752680460612 0.6977827390034994
out: 0.0
in: 0.5691906005221932 0.6453900709219859 0.0801056338028169 0.21405516431924881 0.06814847417840375 0.0 6179 3264 4 1.3742841998736064 0.40672988891601564 1.5742525895436603 0.9546237945556642
out: 0.0
in: 0.5274151436031331 0.7304964539007093 0.08876173708920188 0.23921654929577466 0.08553403755868545 0.0 5731 3096 4 1.454450750350952 0.3812326749165853 1.6889310836791993 0.9203168551127116
out: 0.0
in: 0.5796344647519582 0.7163120567375887 0.0735768779342723 0.23598884976525822 0.12389964788732394 0.0 6818 3275 6 2.490890129407247 0.6181602636973064 2.7532534281412757 1.1208198229471842
out: 0.0
in: 0.5848563968668408 0.6950354609929078 0.07665786384976526 0.22615903755868544 0.11751760563380281 0.0 5135 3181 4 1.410202999909719 0.4197386741638184 1.6085371653238931 0.8859736124674479
out: 0.0
in: 0.5796344647519582 0.7163120567375887 0.06536091549295775 0.20862676056338028 0.1345363849765258 0.0 5305 2971 4 1.5002602179845175 0.41973864237467445 1.7297354062398276 0.9832793871561687
out: 0.0
in: 0.556135770234987 0.7021276595744681 0.08414025821596244 0.20583920187793428 0.09352992957746478 0.0 5552 3023 4 1.4544507424036661 0.32087187767028813 1.6605933825174968 0.8453862190246582
out: 0.0
