in: 0.639686684073107 0.8652482269503546 0.0 0.13563673708920188 0.1338761737089202 0.06088615023474178 5043 3230 4 1.7402394294738772 0.8115633964538574 2.2002885341644287 0.904676119486491
out: 0.0
in: 0.5352480417754569 0.7163120567375887 0.0015404929577464788 0.12411971830985916 0.12118544600938967 0.016211854460093898 4355 3147 3 0.9151483217875163 0.5312702814737955 1.3521602948506675 0.6689032236735026
out: 0.0
in: 0.5430809399477807 0.8085106382978723 0.005868544600938967 0.12067194835680752 0.123606220657277 0.018192488262910797 4096 2975 3 0.8646537939707437 0.525026003519694 1.3217074394226074 0.6493900299072265
out: 0.0
in: 0.556135770234987 0.7801418439716312 0.0 0.12257922535211267 0.10556044600938967 0.03616490610328638 4065 2891 3 0.930765183766683 0.5442790349324544 1.439614741007487 0.7029862721761068
out: 0.0
in: 0.5326370757180157 0.75177304964539 6.602112676056338E-4 0.12661384976525822 0.1303550469483568 0.016065140845070422 4254 2934 3 0.8896407763163248 0.5333516438802084 1.3524205684661865 0.703506596883138
out: 0.0
in: 0.5091383812010444 0.7588652482269503 0.0 0.1113556338028169 0.10952171361502347 0.00858274647887324 5194 3473 3 0.9989588419596355 0.545840072631836 1.4448140780131022 0.6644802411397298
out: 0.0
in: 0.5404699738903395 0.7730496453900709 0.0046214788732394365 0.11957159624413145 0.11663732394366197 0.014231220657276996 4005 2763 3 0.9021342754364015 0.5442790349324544 1.394065554936727 0.6696837425231934
out: 0.0
in: 0.5378590078328982 0.7730496453900709 0.005134976525821597 0.14216549295774647 0.09917840375586855 0.012544014084507043 4054 2966 3 0.8084330876668294 0.5271074295043945 1.2938573519388834 0.6782695452372233
out: 0.0
in: 0.5300261096605744 0.7730496453900709 0.015478286384976525 0.14686032863849766 0.09558392018779342 0.0 4245 2803 4 1.3404476483662924 0.6830365816752115 1.789692815144857 0.8412234306335449
out: 0.0
