in: 0.8825065274151436 0.75177304964539 0.08531396713615023 0.1307218309859155 0.15558978873239437 0.11252934272300469 7926 5515 10 3.563248205184937 1.5603319009145098 4.3331597169240315 2.008354584376017
out: 0.0
in: 0.8955613577023499 0.8085106382978723 0.09323650234741784 0.11436326291079812 0.142018779342723 0.10269953051643192 8903 5609 10 3.285788615544637 1.5088170687357585 4.002863041559855 1.6305793603261312
out: 0.0
in: 0.835509138381201 0.6524822695035462 0.08201291079812206 0.11641725352112677 0.16153169014084506 0.08362676056338028 8022 5090 10 3.2847473978996278 1.3870548407236736 3.968245649337768 1.7086320877075196
out: 0.0
in: 0.9060052219321149 0.7446808510638298 0.11179577464788733 0.12169894366197183 0.1437793427230047 0.10468016431924883 7693 5167 10 3.3440915862719214 1.4354474862416586 4.163518325487773 1.798101536432902
out: 0.0
in: 0.8694516971279374 0.7021276595744681 0.11744424882629108 0.12287265258215962 0.1616050469483568 0.08083920187793427 8522 5671 10 3.079125339786212 1.4744738419850667 3.908380961418152 1.7466177304585775
out: 0.0
in: 0.8668407310704961 0.7801418439716312 0.09286971830985916 0.11487676056338028 0.15933098591549297 0.08751467136150234 9387 6029 10 3.074440292517344 1.318888807296753 3.8625714699427283 1.7106123606363934
out: 0.0
in: 0.9321148825065274 0.8085106382978723 0.09675762910798122 0.10864143192488263 0.13578345070422534 0.13358274647887325 7726 5261 10 3.3357625623544056 1.4031857172648112 4.1635095357894905 1.678436517715454
out: 0.0
in: 0.9112271540469974 0.7872340425531915 0.09807805164319248 0.12213908450704225 0.159037558685446 0.1028462441314554 7675 5173 10 3.1514834841092427 1.3652000586191813 3.982112868626912 1.57111447652181
out: 0.0
in: 0.9007832898172323 0.7730496453900709 0.09983861502347417 0.1113556338028169 0.13336267605633803 0.1133362676056338 7853 5433 10 3.3909422079722087 1.2434377829233805 4.1238937139511105 1.5717796643575033
out: 0.0
