in: 0.597911227154047 0.7163120567375887 0.018705985915492957 0.14935446009389672 0.11040199530516431 0.037632042253521125 6205 4021 2 0.6257157325744629 0.2936459223429362 1.005726146697998 0.23588690757751463
out: 0.0
in: 0.4308093994778068 0.7730496453900709 0.02098004694835681 0.18485915492957747 0.1145099765258216 0.0 4393 3518 2 0.5694950262705485 0.27959645589192705 1.1436751683553061 0.09747339884440104
out: 0.0
in: 0.402088772845953 0.7446808510638298 0.0 0.22315140845070422 0.1056338028169014 0.0 3812 3020 2 0.59500257174174 0.4102046966552734 1.2295679092407226 0.042836507161458336
out: 0.0
in: 0.4804177545691906 0.8652482269503546 0.0 0.20011737089201878 0.18155809859154928 0.0 3851 3195 2 0.6543466885884603 0.41905062993367515 1.3102550506591797 0.11412464777628581
out: 0.0
in: 0.587467362924282 0.8439716312056738 0.0 0.15133509389671362 0.188893779342723 0.05479753521126761 4135 3307 2 0.7293076197306314 0.4232134501139323 1.5183327356974283 0.15265611012776692
out: 0.0
in: 0.6214099216710183 0.8156028368794326 0.0 0.11700410798122066 0.16798708920187794 0.11597711267605634 4520 3496 2 0.8157209714253744 0.36649513244628906 1.6918263753255207 0.10083219210306804
out: 0.0
in: 0.720626631853786 0.7659574468085106 0.006235328638497652 0.1710680751173709 0.1936619718309859 0.13299589201877934 4881 3979 2 0.6475793838500976 0.39355341593424475 1.6928682327270508 0.18281105359395344
out: 0.0
in: 0.6449086161879896 0.7659574468085106 0.0067488262910798125 0.14730046948356806 0.15324237089201878 0.0650674882629108 4256 3500 2 0.6663196086883545 0.4664026578267415 1.5689744313557943 0.15211032231648763
out: 0.0
in: 0.5639686684073107 0.8226950354609929 0.0 0.09426349765258216 0.1772300469483568 0.15118838028169015 4543 3796 2 0.9156689325968423 0.3545270601908366 1.790213394165039 0.09955482482910155
out: 0.0
in: 0.5718015665796344 0.7588652482269503 0.0 0.10622065727699531 0.1780369718309859 0.12184565727699531 4329 3620 2 0.8302967071533203 0.356088129679362 1.7039503733317058 0.08630216916402181
out: 0.0
