in: 0.5456919060052219 0.524822695035461 0.04929577464788732 0.16329225352112675 0.08281983568075117 0.0 2080 1069 1 0.43102550506591797 0.10285326639811197 0.6304008483886718 0.1783042271931966
out: 0.0
in: 0.6240208877284595 0.5390070921985816 0.0650674882629108 0.18904049295774647 0.10878814553990611 0.0 1778 1057 1 0.5314940134684245 0.09660905202229818 0.6460177103678385 0.12314697901407877
out: 0.0
in: 0.6684073107049608 0.574468085106383 0.04482100938967136 0.16358568075117372 0.12881455399061034 0.011223591549295775 2471 1367 2 0.7527329603830973 0.35348637898763025 1.0718375205993653 0.30925645828247067
out: 0.0
in: 0.6736292428198434 0.6099290780141844 0.011443661971830986 0.2070862676056338 0.16688673708920188 0.029782863849765258 2264 1092 1 0.6033315658569336 0.1075364112854004 0.715252431233724 0.162173334757487
out: 0.0
in: 0.7467362924281984 0.6453900709219859 0.030589788732394367 0.29276701877934275 0.19821009389671362 0.05941901408450704 3177 1367 2 1.2092660268147788 0.32278560002644857 1.576262346903483 0.31706174214680993
out: 0.0
in: 0.608355091383812 0.3971631205673759 0.01283744131455399 0.19432218309859156 0.11473004694835681 0.01643192488262911 1963 1474 1 0.5127537727355957 0.10545501708984376 0.7251431147257487 0.14344069163004558
out: 0.0
in: 0.6788511749347258 0.624113475177305 0.02567488262910798 0.154856220657277 0.20400528169014084 0.03931924882629108 2417 1922 1 0.6439354578653972 0.09504798253377279 0.8507406870524089 0.18791646957397462
out: 0.0
in: 0.793733681462141 0.8085106382978723 0.033377347417840375 0.19923708920187794 0.24655223004694835 0.10475352112676056 2700 2078 2 1.3831337610880534 0.2733522097269694 1.6777719497680663 0.38678884506225586
out: 0.0
in: 0.5744125326370757 0.7730496453900709 0.00528169014084507 0.20063086854460094 0.13233568075117372 0.0110768779342723 1946 1352 1 0.47475271224975585 0.08984448115030924 0.7621030807495117 0.1767431894938151
out: 0.0
