in: 0.31592689295039167 0.7163120567375887 0.0 0.11751760563380281 0.07797828638497653 0.0 1511 771 1 0.4372722307840983 0.3250433603922526 0.33420092264811196 0.22565622329711915
out: 0.0
in: 0.4490861618798956 0.723404255319149 0.0 0.10607394366197183 0.11348298122065728 0.0 1450 828 1 0.4877667744954427 0.3286858240763346 0.2597605387369792 0.13459469477335612
out: 0.0
in: 0.3524804177545692 0.6170212765957447 0.0 0.07739143192488263 0.10409330985915492 0.0 1367 787 1 0.5007808367411296 0.32400264739990237 0.33836542765299477 0.16893790562947592
out: 0.0
in: 0.34464751958224543 0.6808510638297872 0.0 0.05868544600938967 0.12668720657276994 0.0 1421 828 1 0.5023425102233887 0.3203602155049642 0.37484102249145507 0.15410985946655273
out: 0.0
in: 0.3629242819843342 0.6737588652482269 0.0 0.05377053990610329 0.13739730046948356 0.0 1401 858 1 0.5236855824788411 0.32452300389607747 0.37480478286743163 0.17882458368937174
out: 0.0
in: 0.360313315926893 0.8085106382978723 0.0 0.06660798122065728 0.143412558685446 0.0 1412 890 1 0.50442476272583 0.3515813191731771 0.3711608568827311 0.19339443842569987
out: 0.0
in: 0.360313315926893 0.7375886524822695 0.0 0.08348004694835681 0.10313967136150234 0.0 1367 802 1 0.5039042154947917 0.3172381083170573 0.3170223871866862 0.16685651143391927
out: 0.0
in: 0.33159268929503916 0.6879432624113475 0.0 0.07739143192488263 0.10504694835680752 0.0 1401 864 1 0.5091098149617513 0.3167177518208822 0.34773553212483727 0.2017200469970703
out: 0.0
in: 0.33159268929503916 0.6737588652482269 0.0 0.08340669014084508 0.09653755868544601 0.0 1438 823 1 0.49089015324910484 0.3177584330240885 0.34773553212483727 0.21368815104166666
out: 0.0
in: 0.4516971279373368 0.7730496453900709 6.602112676056338E-4 0.10578051643192488 0.10651408450704225 0.0 1513 969 1 0.5059864679972331 0.3390928586324056 0.2446642239888509 0.14864419301350912
out: 0.0
