in: 0.32114882506527415 0.45390070921985815 0.0 0.0814994131455399 0.052230046948356805 0.0 1628 866 1 0.34981778462727864 0.33024689356486003 0.44768349329630536 0.1751821200052897
out: 0.0
in: 0.3681462140992167 0.5177304964539007 0.0 0.0903755868544601 0.07519072769953052 0.0 1649 949 1 0.3420093536376953 0.3297265370686849 0.4875963528951009 0.148123836517334
out: 0.0
in: 0.370757180156658 0.6879432624113475 0.0 0.07372359154929578 0.09125586854460094 0.0 1677 1034 1 0.37844870885213217 0.2979850769042969 0.45132741928100584 0.055501270294189456
out: 0.0
in: 0.35509138381201044 0.6382978723404256 0.0 0.07761150234741784 0.08237969483568075 0.0 1557 928 1 0.4070796330769857 0.3052700042724609 0.439875062306722 0.08203919728597005
out: 0.0
in: 0.402088772845953 0.5673758865248227 0.0 0.07130281690140845 0.09264964788732394 0.005501760563380281 1413 855 1 0.40760021209716796 0.28965946833292644 0.4724101702372233 0.08802324930826823
out: 0.0
in: 0.2793733681462141 0.6595744680851063 0.0 0.09140258215962441 0.05765845070422535 0.0 1822 1038 1 0.3883393923441569 0.3156770388285319 0.3612701733907064 0.08047815958658854
out: 0.0
in: 0.29765013054830286 0.7092198581560284 0.0 0.0826731220657277 0.06939553990610328 0.0 1587 937 1 0.3571056683858236 0.32140089670817057 0.3883393923441569 0.067989714940389
out: 0.0
in: 0.370757180156658 0.624113475177305 0.0 0.08362676056338028 0.09316314553990611 0.0 1584 934 1 0.38105154037475586 0.31307528813680013 0.44768349329630536 0.08412062327067057
out: 0.0
in: 0.3368146214099217 0.6808510638297872 0.0 0.09330985915492958 0.0741637323943662 0.0 1663 1034 1 0.35658508936564126 0.30162754058837893 0.3904216448465983 0.0601844310760498
out: 0.0
in: 0.39425587467362927 0.6666666666666666 0.0 0.10915492957746478 0.08039906103286384 0.0 1491 975 1 0.3378448486328125 0.2943426132202148 0.42529932657877606 0.07527462641398112
out: 0.0
