in: 0.8903394255874674 0.7446808510638298 0.07020246478873239 0.10277288732394366 0.15713028169014084 0.1423855633802817 12974 5109 15 8.012493340174359 3.2282175064086918 8.229077212015788 3.884351126352947
out: 0.0
in: 0.804177545691906 0.6312056737588653 0.08230633802816902 0.15647007042253522 0.11164906103286384 0.04907570422535211 10092 5053 15 6.573659340540568 3.162653223673503 6.777719736099243 3.6289759953816727
out: 0.0
in: 0.8929503916449086 0.6808510638297872 0.06741490610328639 0.10952171361502347 0.11443661971830986 0.10350645539906103 8138 4927 18 9.2675688346227 3.613789367675781 9.59658915201823 4.106364917755127
out: 0.0
in: 0.8694516971279374 0.624113475177305 0.0820862676056338 0.1324823943661972 0.10930164319248827 0.07885856807511737 9908 5494 18 7.960957717895508 3.9207967440287277 8.140449396769206 4.5357757250467925
out: 0.0
in: 0.9399477806788512 0.6666666666666666 0.06814847417840375 0.1275674882629108 0.12573356807511737 0.10636737089201878 9145 5484 16 8.724622376759847 3.1536308924357095 9.109071620305379 3.7965551376342774
out: 0.0
in: 0.9007832898172323 0.6312056737588653 0.0878080985915493 0.11157570422535211 0.12206572769953052 0.10504694835680752 8688 5161 18 8.562727439403535 3.456122811635335 8.888159513473513 3.969688606262207
out: 0.0
in: 0.9399477806788512 0.7021276595744681 0.0826731220657277 0.11003521126760564 0.11627053990610328 0.10746772300469483 8267 4945 15 7.3617904663085945 2.854605134328206 7.6426338195800785 3.41476354598999
out: 0.0
in: 0.9112271540469974 0.7092198581560284 0.0838468309859155 0.13468309859154928 0.09103579812206573 0.08766138497652583 8872 5200 19 9.32170719305674 4.100141684214274 9.683692542711894 4.660277366638184
out: 0.0
in: 0.9138381201044387 0.6382978723404256 0.07343016431924883 0.1297681924882629 0.10299295774647887 0.09140258215962441 9165 5139 18 8.249349077542623 3.505556233723958 8.48724599679311 4.024866994222006
out: 0.0
in: 0.8746736292428199 0.7943262411347518 0.08839495305164319 0.15632335680751175 0.1034330985915493 0.07291666666666667 8154 4569 18 8.242061193784078 3.6273185094197586 8.421394888559977 4.23612979253133
out: 0.0
