in: 0.5587467362924282 0.7730496453900709 0.0 0.17018779342723006 0.05604460093896713 0.011443661971830986 2062 672 1 0.39406557083129884 0.0476960023244222 0.8125975926717123 0.037809324264526364
out: 0.0
in: 0.5718015665796344 0.8226950354609929 0.0 0.10306631455399061 0.10071889671361503 0.030883215962441316 1343 672 1 0.3956272761027018 0.0476960023244222 0.9385736465454102 -0.006940905253092448
out: 0.0
in: 0.618798955613577 0.8368794326241135 0.0 0.13578345070422534 0.08890845070422536 0.031543427230046946 1430 707 1 0.3883393923441569 0.009189987182617187 0.9323268890380859 0.015434201558430989
out: 0.0
in: 0.5013054830287206 0.7021276595744681 0.0 0.08032570422535211 0.10064553990610328 0.02149354460093897 1561 684 1 0.4419573148091634 0.011271397272745768 0.8714211146036784 0.05237916310628255
out: 0.0
in: 0.5169712793733682 0.7730496453900709 0.0 0.0664612676056338 0.11993838028169014 0.03125 1371 693 1 0.4221759478251139 0.007628933588663737 0.9255595525105794 8.643627166748047E-4
out: 0.0
in: 0.5456919060052219 0.7801418439716312 0.0 0.06800176056338028 0.10724765258215962 0.03491784037558685 1205 632 1 0.4102030118306478 0.04249248504638672 0.9510670979817708 0.04561459223429362
out: 0.0
in: 0.5195822454308094 0.9219858156028369 0.0 0.07313673708920188 0.10790786384976526 0.03249706572769953 1412 713 1 0.423737621307373 0.004506826400756836 0.9370119730631511 0.05341986020406087
out: 0.0
in: 0.4281984334203655 0.7588652482269503 0.0 0.0644806338028169 0.10754107981220658 0.02112676056338028 1256 628 1 0.4419573148091634 0.01855630874633789 0.869338862101237 0.009710343678792317
out: 0.0
in: 0.5926892950391645 0.8226950354609929 0.0 0.08905516431924883 0.09316314553990611 0.03330399061032864 1915 906 2 0.8646537780761718 0.06000808080037435 1.3697014490763346 0.056144030888875325
out: 0.0
in: 0.5013054830287206 0.7021276595744681 0.0 0.024501173708920188 0.12404636150234742 0.039686032863849766 1355 748 1 0.5039042154947917 0.03676861127217611 0.9802186330159505 0.01751561164855957
out: 0.0
