in: 0.15926892950391644 0.45390070921985815 0.0 0.028095657276995305 0.09910504694835681 0.0 2046 1297 1 0.5179593722025554 0.23970572153727213 0.5866736094156901 0.27300821940104164
out: 0.0
in: 0.13838120104438642 0.3971631205673759 0.0 0.0014671361502347417 0.1139231220657277 0.0 2022 1408 1 0.5257678031921387 0.2542755444844564 0.6199895858764648 0.23710397084554036
out: 0.0
in: 0.13838120104438642 0.44680851063829785 0.0 0.010636737089201879 0.09595070422535211 0.0 1811 1198 1 0.5294117609659831 0.24282782872517902 0.608537228902181 0.23502254486083984
out: 0.0
in: 0.1174934725848564 0.4397163120567376 0.0 0.0 0.10277288732394366 0.0 2212 1274 1 0.5403435389200847 0.2823745409647624 0.6127017339070638 0.2704064687093099
out: 0.0
in: 0.19321148825065274 0.46808510638297873 0.0 0.0619131455399061 0.08201291079812206 0.0 2049 1428 1 0.5091098149617513 0.26051979064941405 0.6205101648966471 0.26988611221313474
out: 0.0
