in: 0.7963446475195822 0.6524822695035462 0.08568075117370892 0.07071596244131455 0.1002787558685446 0.0443075117370892 4576 2825 9 3.6267568111419677 1.8045530637105305 4.102176984151205 2.3591678937276206
out: 0.0
in: 0.8067885117493473 0.5886524822695035 0.08868838028169014 0.07768485915492958 0.08179284037558686 0.040639671361502344 4714 2801 9 3.4659030795097356 1.806634521484375 3.887622324625651 2.340557797749837
out: 0.0
in: 0.7963446475195822 0.6312056737588653 0.0864143192488263 0.07680457746478873 0.0974911971830986 0.04731514084507042 4644 2659 9 3.623112893104553 1.8331724484761558 4.037377802530925 2.366629155476888
out: 0.0
in: 0.8093994778067886 0.5460992907801419 0.07717136150234742 0.06836854460093897 0.08215962441314555 0.04812206572769953 4473 2604 9 3.6288390000661215 1.78165766398112 4.028152791659037 2.334100023905436
out: 0.0
in: 0.6657963446475196 0.6453900709219859 0.06638791079812206 0.09308978873239436 0.09800469483568075 0.03271713615023474 5751 1991 9 4.540864006678263 1.927876408894857 4.616345532735188 2.2749509175618488
out: 0.0
