in: 0.9634464751958225 0.9219858156028369 0.22205105633802816 0.20004401408450703 0.279856220657277 0.22403169014084506 9414 5906 9 4.472670392195384 1.967943477630615 4.972133795420329 2.3036494572957356
out: 0.0
in: 0.9817232375979112 0.9078014184397163 0.20517899061032863 0.15947769953051644 0.2863116197183099 0.19314847417840375 8363 6038 8 3.7719936082760492 1.6559089024861655 4.49557515780131 2.1809435844421388
out: 0.0
in: 0.9007832898172323 0.9787234042553191 0.26188380281690143 0.20283157276995306 0.22095070422535212 0.1202318075117371 12417 6065 9 4.0270691376179455 2.012693691253662 4.619106340408325 2.669346555074056
out: 0.0
in: 0.9765013054830287 0.9929078014184397 0.2607834507042254 0.22813967136150234 0.2241050469483568 0.20914025821596244 8671 5879 8 3.6376886508117123 1.7428075949350994 4.204580879211425 2.353179931640625
out: 0.0
in: 0.9190600522193212 0.9858156028368794 0.25718896713615025 0.2424442488262911 0.23877640845070422 0.1695275821596244 8835 5779 8 3.534617358570298 1.738124418258667 4.12921241124471 2.289950466156006
out: 0.0
