in: 0.639686684073107 0.5602836879432624 0.04041960093896713 0.12015845070422536 0.07907863849765258 0.0022007042253521128 4012 2823 4 0.9760541280110677 1.0571692784627278 1.6022904396057127 1.0462419191996257
out: 0.0
in: 0.6553524804177546 0.6028368794326241 0.06770833333333333 0.13703051643192488 0.10071889671361503 0.006235328638497652 4308 3260 4 0.971889607111613 1.0139801025390625 1.5923997243245442 1.01918363571167
out: 0.0
in: 0.6657963446475196 0.6666666666666666 0.062353286384976524 0.13717723004694835 0.1210387323943662 0.008949530516431926 4050 3106 4 1.0353982210159303 0.9364477475484213 1.6376886844635008 1.005654525756836
out: 0.0
in: 0.6501305483028721 0.6453900709219859 0.06088615023474178 0.14847417840375587 0.09881161971830986 0.0 3876 3066 4 0.9073398828506469 0.8578746795654297 1.5132743040720622 0.9015842119852702
out: 0.0
in: 0.6945169712793734 0.5957446808510638 0.04834213615023474 0.1430457746478873 0.10468016431924883 0.020833333333333332 3728 2954 4 1.027589782079061 0.8916975021362304 1.6286956469217935 0.9639665603637696
out: 0.0
in: 0.6840731070496083 0.5886524822695035 0.056338028169014086 0.1354900234741784 0.10658744131455399 0.012397300469483568 3576 2846 4 1.0400832494099934 0.9281221071879069 1.605413850148519 0.9999306360880534
out: 0.0
in: 0.639686684073107 0.624113475177305 0.05068955399061033 0.14994131455399062 0.10013204225352113 0.0017605633802816902 3812 2934 5 1.2316501537958782 1.0502283732096354 1.8050294081370035 1.1015029907226563
out: 0.0
in: 0.6005221932114883 0.6170212765957447 0.05076291079812206 0.1368838028169014 0.10057218309859155 1.4671361502347418E-4 3762 2875 6 1.85632479985555 1.4168998718261716 2.373243045806885 1.5715295791625976
out: 0.0
in: 0.6631853785900783 0.574468085106383 0.06088615023474178 0.13761737089201878 0.10952171361502347 0.0022740610328638496 4548 3323 5 1.240499703089396 1.123077646891276 1.8181341648101808 1.2017337799072265
out: 0.0
in: 0.639686684073107 0.524822695035461 0.05010269953051643 0.13578345070422534 0.10512030516431925 0.006088615023474179 4390 3333 4 0.9453409353892008 1.0405180295308432 1.5127537568410239 1.0722594579060871
out: 0.0
in: 0.8407310704960835 0.7375886524822695 0.05677816901408451 0.14253227699530516 0.1619718309859155 0.13064847417840375 8894 5924 10 3.9406557877858477 1.6607597668965657 4.736595312754313 2.0976515134175617
out: 0.0
in: 0.8825065274151436 0.75177304964539 0.08531396713615023 0.1307218309859155 0.15558978873239437 0.11252934272300469 7926 5515 10 3.563248205184937 1.5603319009145098 4.3331597169240315 2.008354584376017
out: 0.0
in: 0.8955613577023499 0.8085106382978723 0.09323650234741784 0.11436326291079812 0.142018779342723 0.10269953051643192 8903 5609 10 3.285788615544637 1.5088170687357585 4.002863041559855 1.6305793603261312
out: 0.0
in: 0.835509138381201 0.6524822695035462 0.08201291079812206 0.11641725352112677 0.16153169014084506 0.08362676056338028 8022 5090 10 3.2847473978996278 1.3870548407236736 3.968245649337768 1.7086320877075196
out: 0.0
in: 0.9060052219321149 0.7446808510638298 0.11179577464788733 0.12169894366197183 0.1437793427230047 0.10468016431924883 7693 5167 10 3.3440915862719214 1.4354474862416586 4.163518325487773 1.798101536432902
out: 0.0
in: 0.8694516971279374 0.7021276595744681 0.11744424882629108 0.12287265258215962 0.1616050469483568 0.08083920187793427 8522 5671 10 3.079125339786212 1.4744738419850667 3.908380961418152 1.7466177304585775
out: 0.0
in: 0.8668407310704961 0.7801418439716312 0.09286971830985916 0.11487676056338028 0.15933098591549297 0.08751467136150234 9387 6029 10 3.074440292517344 1.318888807296753 3.8625714699427283 1.7106123606363934
out: 0.0
in: 0.9321148825065274 0.8085106382978723 0.09675762910798122 0.10864143192488263 0.13578345070422534 0.13358274647887325 7726 5261 10 3.3357625623544056 1.4031857172648112 4.1635095357894905 1.678436517715454
out: 0.0
in: 0.9112271540469974 0.7872340425531915 0.09807805164319248 0.12213908450704225 0.159037558685446 0.1028462441314554 7675 5173 10 3.1514834841092427 1.3652000586191813 3.982112868626912 1.57111447652181
out: 0.0
in: 0.9007832898172323 0.7730496453900709 0.09983861502347417 0.1113556338028169 0.13336267605633803 0.1133362676056338 7853 5433 10 3.3909422079722087 1.2434377829233805 4.1238937139511105 1.5717796643575033
out: 0.0
in: 0.6788511749347258 0.7659574468085106 0.002640845070422535 0.12529342723004694 0.12566021126760563 0.07394366197183098 4628 2670 3 0.9833419799804688 0.6499103864034017 1.5001422723134359 0.7979196548461913
out: 0.0
in: 0.639686684073107 0.8652482269503546 0.0 0.13563673708920188 0.1338761737089202 0.06088615023474178 5043 3230 4 1.7402394294738772 0.8115633964538574 2.2002885341644287 0.904676119486491
out: 0.0
in: 0.5352480417754569 0.7163120567375887 0.0015404929577464788 0.12411971830985916 0.12118544600938967 0.016211854460093898 4355 3147 3 0.9151483217875163 0.5312702814737955 1.3521602948506675 0.6689032236735026
out: 0.0
in: 0.5430809399477807 0.8085106382978723 0.005868544600938967 0.12067194835680752 0.123606220657277 0.018192488262910797 4096 2975 3 0.8646537939707437 0.525026003519694 1.3217074394226074 0.6493900299072265
out: 0.0
in: 0.556135770234987 0.7801418439716312 0.0 0.12257922535211267 0.10556044600938967 0.03616490610328638 4065 2891 3 0.930765183766683 0.5442790349324544 1.439614741007487 0.7029862721761068
out: 0.0
in: 0.5326370757180157 0.75177304964539 6.602112676056338E-4 0.12661384976525822 0.1303550469483568 0.016065140845070422 4254 2934 3 0.8896407763163248 0.5333516438802084 1.3524205684661865 0.703506596883138
out: 0.0
in: 0.5091383812010444 0.7588652482269503 0.0 0.1113556338028169 0.10952171361502347 0.00858274647887324 5194 3473 3 0.9989588419596355 0.545840072631836 1.4448140780131022 0.6644802411397298
out: 0.0
in: 0.5404699738903395 0.7730496453900709 0.0046214788732394365 0.11957159624413145 0.11663732394366197 0.014231220657276996 4005 2763 3 0.9021342754364015 0.5442790349324544 1.394065554936727 0.6696837425231934
out: 0.0
in: 0.5378590078328982 0.7730496453900709 0.005134976525821597 0.14216549295774647 0.09917840375586855 0.012544014084507043 4054 2966 3 0.8084330876668294 0.5271074295043945 1.2938573519388834 0.6782695452372233
out: 0.0
in: 0.5300261096605744 0.7730496453900709 0.015478286384976525 0.14686032863849766 0.09558392018779342 0.0 4245 2803 4 1.3404476483662924 0.6830365816752115 1.789692815144857 0.8412234306335449
out: 0.0
in: 0.6945169712793734 0.6453900709219859 0.09360328638497653 0.14605340375586853 0.05949237089201878 0.007115610328638498 5495 3161 5 2.4872461557388306 0.9279457728068033 3.197292931874593 0.7557093938191732
out: 0.0
in: 0.825065274151436 0.6524822695035462 0.12588028169014084 0.12991490610328638 0.061619718309859156 0.04416079812206573 5092 3294 4 1.9698073148727417 0.7038506189982097 2.7704320271809895 0.5883325576782226
out: 0.0
in: 0.7310704960835509 0.7446808510638298 0.13703051643192488 0.14920774647887325 0.05985915492957746 0.012470657276995305 4776 3237 4 1.7844871997833254 0.6653446197509766 2.452368450164795 0.5186054706573486
out: 0.0
in: 0.7389033942558747 0.75177304964539 0.08927523474178403 0.14759389671361503 0.07130281690140845 0.031323356807511735 4906 3353 4 2.0166579246520997 0.7423566182454427 2.6767307917277017 0.5820883591969808
out: 0.0
in: 0.8798955613577023 0.75177304964539 0.1525088028169014 0.14392605633802816 0.04526115023474178 0.047168427230046946 5384 3520 4 1.8365434169769288 0.7423565864562988 2.6454970677693685 0.521467383702596
out: 0.0
in: 0.7963446475195822 0.8368794326241135 0.13813086854460094 0.14568661971830985 0.08113262910798122 0.057511737089201875 6162 3898 4 1.8167620579401653 0.7189408302307129 2.6121810913085937 0.5305735270182292
out: 0.0
in: 0.7284595300261096 0.6879432624113475 0.12008509389671361 0.13637030516431925 0.05267018779342723 0.012544014084507043 4985 3368 4 1.8037479639053344 0.6185129165649413 2.499739646911621 0.5430619875590006
out: 0.0
in: 0.793733681462141 0.7375886524822695 0.13123532863849766 0.14326584507042253 0.07188967136150234 0.023327464788732395 4609 3375 4 1.9271212736765544 0.732990296681722 2.6678812662760416 0.5602335770924886
out: 0.0
in: 0.804177545691906 0.900709219858156 0.12323943661971831 0.15632335680751175 0.07027582159624413 0.03000293427230047 4532 3460 4 1.9390941778818767 0.6460915883382161 2.7522123018900553 0.47853838602701826
out: 0.0
in: 0.7963446475195822 0.8156028368794326 0.15514964788732394 0.14128521126760563 0.06264671361502347 0.023547535211267605 4649 3485 4 1.7959395845731099 0.6877197265625 2.5674127260843913 0.45391918818155924
out: 0.0
in: 0.6866840731070496 0.5815602836879432 0.09044894366197183 0.2635710093896714 0.173268779342723 0.008436032863849766 8394 1041 1 0.45080687204996744 0.06382689476013184 0.7912545522054036 0.14031858444213868
out: 0.0
in: 0.5456919060052219 0.524822695035461 0.04929577464788732 0.16329225352112675 0.08281983568075117 0.0 2080 1069 1 0.43102550506591797 0.10285326639811197 0.6304008483886718 0.1783042271931966
out: 0.0
in: 0.6240208877284595 0.5390070921985816 0.0650674882629108 0.18904049295774647 0.10878814553990611 0.0 1778 1057 1 0.5314940134684245 0.09660905202229818 0.6460177103678385 0.12314697901407877
out: 0.0
in: 0.6684073107049608 0.574468085106383 0.04482100938967136 0.16358568075117372 0.12881455399061034 0.011223591549295775 2471 1367 2 0.7527329603830973 0.35348637898763025 1.0718375205993653 0.30925645828247067
out: 0.0
in: 0.6736292428198434 0.6099290780141844 0.011443661971830986 0.2070862676056338 0.16688673708920188 0.029782863849765258 2264 1092 1 0.6033315658569336 0.1075364112854004 0.715252431233724 0.162173334757487
out: 0.0
in: 0.7467362924281984 0.6453900709219859 0.030589788732394367 0.29276701877934275 0.19821009389671362 0.05941901408450704 3177 1367 2 1.2092660268147788 0.32278560002644857 1.576262346903483 0.31706174214680993
out: 0.0
in: 0.608355091383812 0.3971631205673759 0.01283744131455399 0.19432218309859156 0.11473004694835681 0.01643192488262911 1963 1474 1 0.5127537727355957 0.10545501708984376 0.7251431147257487 0.14344069163004558
out: 0.0
in: 0.6788511749347258 0.624113475177305 0.02567488262910798 0.154856220657277 0.20400528169014084 0.03931924882629108 2417 1922 1 0.6439354578653972 0.09504798253377279 0.8507406870524089 0.18791646957397462
out: 0.0
in: 0.793733681462141 0.8085106382978723 0.033377347417840375 0.19923708920187794 0.24655223004694835 0.10475352112676056 2700 2078 2 1.3831337610880534 0.2733522097269694 1.6777719497680663 0.38678884506225586
out: 0.0
in: 0.5744125326370757 0.7730496453900709 0.00528169014084507 0.20063086854460094 0.13233568075117372 0.0110768779342723 1946 1352 1 0.47475271224975585 0.08984448115030924 0.7621030807495117 0.1767431894938151
out: 0.0
in: 0.9216710182767625 0.8723404255319149 0.12551349765258216 0.2391431924882629 0.20004401408450703 0.298268779342723 15538 6173 8 4.7777198870976765 1.4659806092580159 5.470067628224691 1.8656105995178223
out: 0.0
in: 0.9451697127937336 0.9929078014184397 0.23921654929577466 0.20429870892018778 0.22263791079812206 0.203125 10610 6269 10 3.9198333067198594 2.356990067164103 4.530613865579168 2.885650157928467
out: 0.0
in: 0.9033942558746736 0.9078014184397163 0.285431338028169 0.2227112676056338 0.1991637323943662 0.16329225352112675 11097 6084 10 3.706402818610271 2.1649803320566816 4.281103463967641 2.6176862398783367
out: 0.0
in: 0.9686684073107049 0.9716312056737588 0.25168720657276994 0.11495011737089202 0.20041079812206572 0.2662852112676056 8777 5833 8 3.868297670409083 1.6897317250569661 4.540864054361979 2.413540744781494
out: 0.0
in: 0.9268929503916449 0.851063829787234 0.2248386150234742 0.2064994131455399 0.1627787558685446 0.1508949530516432 8675 6133 11 4.445080608626206 2.4915848096211755 4.924518346786499 2.7548826217651365
out: 0.0
in: 0.9634464751958225 0.9219858156028369 0.22205105633802816 0.20004401408450703 0.279856220657277 0.22403169014084506 9414 5906 9 4.472670392195384 1.967943477630615 4.972133795420329 2.3036494572957356
out: 0.0
in: 0.9817232375979112 0.9078014184397163 0.20517899061032863 0.15947769953051644 0.2863116197183099 0.19314847417840375 8363 6038 8 3.7719936082760492 1.6559089024861655 4.49557515780131 2.1809435844421388
out: 0.0
in: 0.9007832898172323 0.9787234042553191 0.26188380281690143 0.20283157276995306 0.22095070422535212 0.1202318075117371 12417 6065 9 4.0270691376179455 2.012693691253662 4.619106340408325 2.669346555074056
out: 0.0
in: 0.9765013054830287 0.9929078014184397 0.2607834507042254 0.22813967136150234 0.2241050469483568 0.20914025821596244 8671 5879 8 3.6376886508117123 1.7428075949350994 4.204580879211425 2.353179931640625
out: 0.0
in: 0.9190600522193212 0.9858156028368794 0.25718896713615025 0.2424442488262911 0.23877640845070422 0.1695275821596244 8835 5779 8 3.534617358570298 1.738124418258667 4.12921241124471 2.289950466156006
out: 0.0
in: 0.31592689295039167 0.7163120567375887 0.0 0.11751760563380281 0.07797828638497653 0.0 1511 771 1 0.4372722307840983 0.3250433603922526 0.33420092264811196 0.22565622329711915
out: 0.0
in: 0.4490861618798956 0.723404255319149 0.0 0.10607394366197183 0.11348298122065728 0.0 1450 828 1 0.4877667744954427 0.3286858240763346 0.2597605387369792 0.13459469477335612
out: 0.0
in: 0.3524804177545692 0.6170212765957447 0.0 0.07739143192488263 0.10409330985915492 0.0 1367 787 1 0.5007808367411296 0.32400264739990237 0.33836542765299477 0.16893790562947592
out: 0.0
in: 0.34464751958224543 0.6808510638297872 0.0 0.05868544600938967 0.12668720657276994 0.0 1421 828 1 0.5023425102233887 0.3203602155049642 0.37484102249145507 0.15410985946655273
out: 0.0
in: 0.3629242819843342 0.6737588652482269 0.0 0.05377053990610329 0.13739730046948356 0.0 1401 858 1 0.5236855824788411 0.32452300389607747 0.37480478286743163 0.17882458368937174
out: 0.0
in: 0.360313315926893 0.8085106382978723 0.0 0.06660798122065728 0.143412558685446 0.0 1412 890 1 0.50442476272583 0.3515813191731771 0.3711608568827311 0.19339443842569987
out: 0.0
in: 0.360313315926893 0.7375886524822695 0.0 0.08348004694835681 0.10313967136150234 0.0 1367 802 1 0.5039042154947917 0.3172381083170573 0.3170223871866862 0.16685651143391927
out: 0.0
in: 0.33159268929503916 0.6879432624113475 0.0 0.07739143192488263 0.10504694835680752 0.0 1401 864 1 0.5091098149617513 0.3167177518208822 0.34773553212483727 0.2017200469970703
out: 0.0
in: 0.33159268929503916 0.6737588652482269 0.0 0.08340669014084508 0.09653755868544601 0.0 1438 823 1 0.49089015324910484 0.3177584330240885 0.34773553212483727 0.21368815104166666
out: 0.0
in: 0.4516971279373368 0.7730496453900709 6.602112676056338E-4 0.10578051643192488 0.10651408450704225 0.0 1513 969 1 0.5059864679972331 0.3390928586324056 0.2446642239888509 0.14864419301350912
out: 0.0
in: 0.18798955613577023 0.7588652482269503 0.0 0.12089201877934272 0.0 0.0 1514 941 1 0.4440395673116048 0.10077184041341146 0.47475271224975585 0.16269369125366212
out: 0.0
in: 0.27676240208877284 0.7588652482269503 0.0 0.08890845070422536 0.06455399061032864 0.0 1830 1201 1 0.6179073333740235 0.0778763771057129 0.5804268519083658 0.17570247650146484
out: 0.0
in: 0.24281984334203655 0.7446808510638298 0.0 0.10534037558685445 0.02897593896713615 0.0 1591 1018 1 0.5783445994059245 0.05289951960245768 0.552837053934733 0.14448137283325196
out: 0.0
in: 0.20365535248041775 0.723404255319149 0.0 0.04306044600938967 0.09030223004694836 0.0 1484 961 1 0.6382092793782552 0.07683569590250651 0.6095783233642578 0.14656279881795248
out: 0.0
in: 0.17232375979112272 0.7588652482269503 0.0 0.04988262910798122 0.0755575117370892 0.0 1613 1012 1 0.5955231348673503 0.09140551884969075 0.5773142496744792 0.155400816599528
out: 0.0
in: 0.19321148825065274 0.7943262411347518 0.0 0.030663145539906102 0.09705105633802817 0.0 1571 941 1 0.6215512593587239 0.09764973322550456 0.5908381144205729 0.16321404774983725
out: 0.0
in: 0.19321148825065274 0.8368794326241135 0.0 0.013497652582159625 0.12177230046948356 0.0 1507 929 1 0.6673607508341471 0.0778763771057129 0.6022904713948568 0.11898415883382162
out: 0.0
in: 0.195822454308094 0.7021276595744681 0.0 0.016505281690140844 0.09917840375586855 0.0 1458 886 1 0.6647579193115234 0.08307991027832032 0.6366475423177084 0.1611326217651367
out: 0.0
in: 0.17754569190600522 0.7375886524822695 0.0 0.02266725352112676 0.10328638497652583 0.0 1438 901 1 0.6257157643636068 0.09348694483439128 0.6314419428507487 0.13563540776570637
out: 0.0
in: 0.17232375979112272 0.6879432624113475 0.0 0.010196596244131455 0.11010856807511737 0.0 1565 907 1 0.6454971313476563 0.08776305516560873 0.6324830373128255 0.15176630020141602
out: 0.0
in: 0.5926892950391645 0.5886524822695035 0.0 0.13952464788732394 0.04144659624413145 0.019439553990610328 1412 763 1 0.2738157272338867 0.22097304662068684 0.8584070841471354 0.1611326217651367
out: 0.0
in: 0.7075718015665796 0.8014184397163121 0.03506455399061033 0.1311619718309859 0.04328051643192488 0.027142018779342723 2306 1114 3 1.8443518956502278 0.22894598642985028 2.4466423670450848 0.21801862716674805
out: 0.0
in: 0.5274151436031331 0.5957446808510638 0.03455105633802817 0.11128227699530517 0.03697183098591549 0.0 1567 903 1 0.21395106315612794 0.2173306147257487 0.7173346837361654 0.23138008117675782
out: 0.0
in: 0.7075718015665796 0.75177304964539 0.03704518779342723 0.13703051643192488 0.044747652582159625 0.02626173708920188 1516 931 1 0.2071837584177653 0.30162754058837893 0.9005725860595704 0.20900497436523438
out: 0.0
in: 0.6501305483028721 0.7446808510638298 0.04892899061032864 0.13556338028169015 0.042693661971830985 0.012470657276995305 1570 815 1 0.21499218940734863 0.24334818522135418 0.8230088551839193 0.27248786290486654
out: 0.0
in: 0.7075718015665796 0.75177304964539 0.040639671361502344 0.13637030516431925 0.04100645539906103 0.026115023474178403 1508 929 1 0.24049973487854004 0.2339818318684896 0.8943258285522461 0.193914794921875
out: 0.0
in: 0.783289817232376 0.6170212765957447 0.05010269953051643 0.1269806338028169 0.04012617370892019 0.032570422535211266 1464 864 1 0.20874544779459636 0.26936575571695964 0.9364913940429688 0.20380147298177084
out: 0.0
in: 0.5248041775456919 0.7092198581560284 0.02039319248826291 0.13989143192488263 0.03902582159624413 0.0 1422 765 1 0.21551275253295898 0.25323486328125 0.7308692932128906 0.18715022404988607
out: 0.0
in: 0.5378590078328982 0.6950354609929078 0.03983274647887324 0.12067194835680752 0.03873239436619718 0.0 1627 929 1 0.2410202980041504 0.21993236541748046 0.7284385045369466 0.20964148839314778
out: 0.0
in: 0.4960835509138381 0.6595744680851063 0.029856220657276996 0.14531983568075119 0.03609154929577465 0.0 1416 843 1 0.25663715998331704 0.19183336893717448 0.7136907577514648 0.207443904876709
out: 0.0
in: 0.32114882506527415 0.45390070921985815 0.0 0.0814994131455399 0.052230046948356805 0.0 1628 866 1 0.34981778462727864 0.33024689356486003 0.44768349329630536 0.1751821200052897
out: 0.0
in: 0.3681462140992167 0.5177304964539007 0.0 0.0903755868544601 0.07519072769953052 0.0 1649 949 1 0.3420093536376953 0.3297265370686849 0.4875963528951009 0.148123836517334
out: 0.0
in: 0.370757180156658 0.6879432624113475 0.0 0.07372359154929578 0.09125586854460094 0.0 1677 1034 1 0.37844870885213217 0.2979850769042969 0.45132741928100584 0.055501270294189456
out: 0.0
in: 0.35509138381201044 0.6382978723404256 0.0 0.07761150234741784 0.08237969483568075 0.0 1557 928 1 0.4070796330769857 0.3052700042724609 0.439875062306722 0.08203919728597005
out: 0.0
in: 0.402088772845953 0.5673758865248227 0.0 0.07130281690140845 0.09264964788732394 0.005501760563380281 1413 855 1 0.40760021209716796 0.28965946833292644 0.4724101702372233 0.08802324930826823
out: 0.0
in: 0.2793733681462141 0.6595744680851063 0.0 0.09140258215962441 0.05765845070422535 0.0 1822 1038 1 0.3883393923441569 0.3156770388285319 0.3612701733907064 0.08047815958658854
out: 0.0
in: 0.29765013054830286 0.7092198581560284 0.0 0.0826731220657277 0.06939553990610328 0.0 1587 937 1 0.3571056683858236 0.32140089670817057 0.3883393923441569 0.067989714940389
out: 0.0
in: 0.370757180156658 0.624113475177305 0.0 0.08362676056338028 0.09316314553990611 0.0 1584 934 1 0.38105154037475586 0.31307528813680013 0.44768349329630536 0.08412062327067057
out: 0.0
in: 0.3368146214099217 0.6808510638297872 0.0 0.09330985915492958 0.0741637323943662 0.0 1663 1034 1 0.35658508936564126 0.30162754058837893 0.3904216448465983 0.0601844310760498
out: 0.0
in: 0.39425587467362927 0.6666666666666666 0.0 0.10915492957746478 0.08039906103286384 0.0 1491 975 1 0.3378448486328125 0.2943426132202148 0.42529932657877606 0.07527462641398112
out: 0.0
in: 0.8198433420365535 0.6524822695035462 0.13130868544600938 0.11810446009389672 0.12169894366197183 0.07856514084507042 16170 7344 4 1.1218115081389746 0.893258539835612 1.8578864733378095 0.9351468722025553
out: 0.0
in: 0.7284595300261096 0.5460992907801419 0.1167106807511737 0.10372652582159625 0.14722711267605634 0.010269953051643193 7032 6127 2 0.6907860279083252 0.5449757258097331 1.2920353571573893 0.5569437980651856
out: 0.0
in: 0.7389033942558747 0.5957446808510638 0.10834800469483569 0.10306631455399061 0.15375586854460094 0.02068661971830986 8603 6111 3 0.8859968503316243 0.64730863571167 1.4955751736958822 0.6244131724039714
out: 0.0
in: 0.7023498694516971 0.6170212765957447 0.11018192488262911 0.10710093896713616 0.12309272300469483 0.007995892018779342 7214 5620 3 0.8896408160527547 0.6733262062072753 1.4518479506174724 0.6551139195760092
out: 0.0
in: 0.8120104438642297 0.6737588652482269 0.13534330985915494 0.0801056338028169 0.10218603286384977 0.07856514084507042 7385 6007 3 0.9552315950393677 0.6509510993957519 1.6299476305643716 0.6244384129842122
out: 0.0
in: 0.7441253263707572 0.6524822695035462 0.1327024647887324 0.10996185446009389 0.12353286384976526 0.014011150234741783 5852 5209 2 0.6892243186632793 0.48409461975097656 1.2613222122192385 0.4531336784362793
out: 0.0
in: 0.8642297650130548 0.6312056737588653 0.11164906103286384 0.08399354460093897 0.08942194835680752 0.09433685446009389 6675 5284 3 1.0213430027167 0.7170357386271159 1.771201753616333 0.6654809315999349
out: 0.0
in: 0.814621409921671 0.5673758865248227 0.12727406103286384 0.08832159624413145 0.10401995305164319 0.05252347417840376 6333 5118 3 0.868297744790713 0.6832128842671712 1.478396685918172 0.6519918123881022
out: 0.0
in: 0.8093994778067886 0.5602836879432624 0.12522007042253522 0.08017899061032864 0.10328638497652583 0.08127934272300469 6572 5195 3 0.9349297046661377 0.6342998186747233 1.6189483801523843 0.6025583902994792
out: 0.0
in: 0.7754569190600522 0.5390070921985816 0.10394659624413145 0.07497065727699531 0.09653755868544601 0.06528755868544601 5827 4562 3 0.9984383265177409 0.6894570986429851 1.6246746063232422 0.6925792376200357
out: 0.0
in: 0.7310704960835509 0.8439716312056738 0.02009976525821596 0.2778755868544601 0.25029342723004694 0.1443661971830986 10449 4142 7 3.84747519493103 1.1867281436920165 4.75325345993042 1.454188839594523
out: 0.0
in: 0.8407310704960835 0.8936170212765957 0.12155223004694836 0.32563086854460094 0.1325557511737089 0.08832159624413145 8636 4795 6 2.4580946922302247 0.6499017079671224 3.303487714131673 0.942339293162028
out: 0.0
in: 0.6919060052219321 0.950354609929078 0.11245598591549295 0.29731514084507044 0.18302523474178403 0.02164025821596244 8132 4883 7 3.0442477226257325 0.7668044567108154 3.829255517323812 1.0784950256347656
out: 0.0
in: 0.7859007832898173 0.900709219858156 0.13416960093896713 0.2946742957746479 0.14524647887323944 0.05897887323943662 8183 4535 7 3.2660072644551597 0.7891795635223389 4.007808335622152 1.0790153980255128
out: 0.0
in: 0.7989556135770235 0.9645390070921985 0.15698356807511737 0.3627494131455399 0.17965082159624413 0.05905223004694836 8070 4394 7 3.5923997004826864 1.095146338144938 4.532015482584636 1.3349220275878908
out: 0.0
in: 0.7597911227154047 0.9645390070921985 0.14700704225352113 0.3031836854460094 0.17568955399061034 0.029562793427230047 7453 4499 6 2.167100429534912 0.6644715309143066 2.8655753771464028 1.0041416803995769
out: 0.0
in: 0.7154046997389034 0.9716312056737588 0.15669014084507044 0.32856514084507044 0.18082453051643194 0.014818075117370893 5882 3928 5 1.7027589241663614 0.5616182963053385 2.6413325627644855 0.8181516011555989
out: 0.0
in: 0.7023498694516971 0.9432624113475178 0.1459800469483568 0.30861208920187794 0.19417546948356806 0.016285211267605633 6831 4244 6 2.651223254203796 0.7139049847920735 3.4206141789754234 1.0224734624226888
out: 0.0
in: 0.7180156657963447 0.9858156028368794 0.15404929577464788 0.29731514084507044 0.19865023474178403 0.0069688967136150234 6707 4210 6 2.0718375285466513 0.861164410909017 2.8917229652404783 1.1853434880574545
out: 0.0
in: 0.814621409921671 0.9361702127659575 0.2235181924882629 0.26239730046948356 0.15602992957746478 0.07577758215962441 6637 4238 5 1.8901613871256513 0.4986557960510254 2.7402393976847326 0.7942154566446941
out: 0.0
in: 0.7284595300261096 0.7730496453900709 0.08171948356807512 0.08758802816901408 0.11113556338028169 0.05685152582159624 6255 3207 9 3.917230574289958 1.8300503094991047 4.239665587743123 2.4779882748921715
out: 0.0
in: 0.7597911227154047 0.7163120567375887 0.09932511737089202 0.04379401408450704 0.08604753521126761 0.03653169014084507 5317 2680 9 3.7095262010892234 1.6219096501668295 4.0796459197998045 2.1885725021362306
out: 0.0
in: 0.7571801566579635 0.6028368794326241 0.08531396713615023 0.07687793427230047 0.08428697183098592 0.03961267605633803 5173 3024 10 3.635085741678874 1.8309146245320638 4.085102621714275 2.413470363616943
out: 0.0
in: 0.762402088772846 0.624113475177305 0.08634096244131455 0.06785504694835681 0.09074237089201878 0.044527582159624414 4437 2760 9 3.5913585821787515 1.754078992207845 3.9653077443440754 2.365492026011149
out: 0.0
in: 0.7963446475195822 0.5815602836879432 0.07702464788732394 0.05501760563380282 0.09052230046948356 0.06360035211267606 4718 2849 8 2.9474231719970705 1.5138529459635417 3.4018740018208824 2.0659459114074705
out: 0.0
in: 0.7963446475195822 0.6524822695035462 0.08568075117370892 0.07071596244131455 0.1002787558685446 0.0443075117370892 4576 2825 9 3.6267568111419677 1.8045530637105305 4.102176984151205 2.3591678937276206
out: 0.0
in: 0.8067885117493473 0.5886524822695035 0.08868838028169014 0.07768485915492958 0.08179284037558686 0.040639671361502344 4714 2801 9 3.4659030795097356 1.806634521484375 3.887622324625651 2.340557797749837
out: 0.0
in: 0.7963446475195822 0.6312056737588653 0.0864143192488263 0.07680457746478873 0.0974911971830986 0.04731514084507042 4644 2659 9 3.623112893104553 1.8331724484761558 4.037377802530925 2.366629155476888
out: 0.0
in: 0.8093994778067886 0.5460992907801419 0.07717136150234742 0.06836854460093897 0.08215962441314555 0.04812206572769953 4473 2604 9 3.6288390000661215 1.78165766398112 4.028152791659037 2.334100023905436
out: 0.0
in: 0.6657963446475196 0.6453900709219859 0.06638791079812206 0.09308978873239436 0.09800469483568075 0.03271713615023474 5751 1991 9 4.540864006678263 1.927876408894857 4.616345532735188 2.2749509175618488
out: 0.0
in: 0.8903394255874674 0.8794326241134752 0.10827464788732394 0.2323943661971831 0.19116784037558684 0.10658744131455399 10335 5941 10 5.05205602645874 1.6035210291544595 5.528370507558187 2.3351352373758947
out: 0.0
in: 0.9321148825065274 0.9361702127659575 0.14150528169014084 0.23246772300469484 0.1954225352112676 0.10145246478873239 8512 5907 9 4.296199735005697 1.481414763132731 4.833350292841593 2.1080969174702964
out: 0.0
in: 0.9425587467362925 0.9078014184397163 0.2167693661971831 0.20026408450704225 0.15639671361502347 0.09367664319248827 8638 5396 10 4.469546989599864 1.6732481638590495 4.924987135330836 2.391176637013753
out: 0.0
in: 0.9530026109660574 0.8156028368794326 0.17172828638497653 0.1758362676056338 0.15500293427230047 0.1184712441314554 8884 5414 11 5.154086216290792 2.0414807319641115 5.664757772286733 2.7736153602600098
out: 0.0
in: 0.9530026109660574 0.8156028368794326 0.16189847417840375 0.21882335680751175 0.16666666666666666 0.1046068075117371 8666 5809 9 3.903695897509654 1.5474993705749511 4.42061410198609 2.271828778584798
out: 0.0
in: 0.9425587467362925 0.851063829787234 0.18823356807511737 0.1827318075117371 0.15837734741784038 0.09822476525821597 8093 5782 9 3.861530383676291 1.4309406280517578 4.415408575783173 2.1349763234456374
out: 0.0
in: 0.9530026109660574 0.8297872340425532 0.18251173708920188 0.2126613849765258 0.15280223004694835 0.10724765258215962 8723 5778 10 4.520041569073995 1.6644021987915039 4.97646153618892 2.4522595723470046
out: 0.0
in: 0.9321148825065274 0.8226950354609929 0.1864730046948357 0.20026408450704225 0.14311913145539906 0.08890845070422536 7963 5431 9 3.8355022574464477 1.5089934349060057 4.2807153865695 2.2392140070597333
out: 0.0
in: 0.9660574412532638 0.9148936170212766 0.18544600938967137 0.191681338028169 0.15155516431924881 0.1036531690140845 8811 5988 9 4.018219561378161 1.5011881510416671 4.54242571592331 2.240087350209554
out: 0.0
in: 0.9973890339425587 0.8581560283687943 0.18772007042253522 0.1729019953051643 0.16806044600938966 0.1414319248826291 8386 5843 9 4.133784394462904 1.4475919405619302 4.696467924118042 2.2088839213053384
out: 0.0
in: 0.7467362924281984 0.6524822695035462 0.05670481220657277 0.14788732394366197 0.17891725352112675 0.0852406103286385 5418 4267 5 2.7209785540898643 1.048146947224935 3.317674477895101 1.1968534787495932
out: 0.0
in: 0.7519582245430809 0.7588652482269503 0.12037852112676056 0.15126173708920188 0.2197036384976526 0.04724178403755869 5853 4276 6 2.572618357340495 1.2935765902201335 3.2113481998443603 1.200953976313273
out: 0.0
in: 0.8067885117493473 0.8581560283687943 0.10211267605633803 0.18045774647887325 0.21317488262910797 0.12096537558685445 5939 4253 6 2.7558562358220415 1.3435303052266439 3.5387882868448894 1.3143906275431316
out: 0.0
in: 0.8015665796344648 0.8226950354609929 0.09213615023474178 0.18031103286384975 0.214568661971831 0.15030809859154928 5587 4362 5 2.762102993329366 0.8379249572753906 3.4339795112609863 1.052232313156128
out: 0.0
in: 0.8668407310704961 0.9716312056737588 0.0832599765258216 0.14077171361502347 0.1899207746478873 0.2422975352112676 5849 4668 5 2.9781363646189374 0.8540558497111002 3.7345131556193034 1.0385433991750082
out: 0.0
in: 0.7728459530026109 0.900709219858156 0.14385269953051644 0.20466549295774647 0.23848298122065728 0.03572476525821596 5405 4181 6 2.479437724749247 1.0880377133687338 3.118688201904297 0.9444206873575846
out: 0.0
in: 0.8120104438642297 0.7730496453900709 0.08377347417840375 0.1528755868544601 0.234375 0.12177230046948356 5465 4256 5 2.883914550145467 0.7005521297454833 3.348420651753744 0.9209069252014159
out: 0.0
in: 0.7859007832898173 0.8368794326241135 0.07797828638497653 0.15280223004694835 0.2456719483568075 0.1400381455399061 5288 4092 6 3.1140030463536577 1.0448485215504963 3.7391982396443684 1.0000983238220216
out: 0.0
in: 0.8720626631853786 0.8865248226950354 0.12037852112676056 0.14649354460093897 0.21669600938967137 0.19571596244131456 5504 4293 5 2.7798021157582604 0.761953608194987 3.545028495788574 1.007559569676717
out: 0.0
in: 0.8172323759791122 0.8439716312056738 0.12433978873239436 0.20268485915492956 0.21941021126760563 0.09426349765258216 5244 3945 6 2.7548151691754654 0.9662754535675049 3.4716293334960935 0.9693975607554117
out: 0.0
in: 0.660574412532637 0.6453900709219859 0.0069688967136150234 0.3057511737089202 0.17209507042253522 0.023767605633802816 3313 1824 1 0.24830816586812338 0.1470831553141276 0.8818323771158855 0.13719647725423176
out: 0.0
in: 0.608355091383812 0.5886524822695035 0.004548122065727699 0.17906396713615025 0.23510856807511737 0.014304577464788732 2610 1877 1 0.2222800572713216 0.17153965632120768 0.8292555491129557 0.1548884073893229
out: 0.0
in: 0.5613577023498695 0.5035460992907801 0.02699530516431925 0.22256455399061034 0.08296654929577464 0.0 2208 1790 1 0.183237886428833 0.16321404774983725 0.7397188822428385 0.19079265594482422
out: 0.0
in: 0.597911227154047 0.5035460992907801 0.005501760563380281 0.20261150234741784 0.19468896713615025 0.011003521126760563 2195 1763 1 0.21551275253295898 0.17258036931355794 0.8079125086466471 0.17778387069702148
out: 0.0
in: 0.6631853785900783 0.5106382978723404 0.008142605633802816 0.20723298122065728 0.1843456572769953 0.018852699530516433 1899 1672 1 0.19625194867451987 0.16997861862182617 0.8568453470865885 0.17778387069702148
out: 0.0
in: 0.7023498694516971 0.5177304964539007 0.041886737089201875 0.24882629107981222 0.12441314553990611 0.01004988262910798 1961 1755 1 0.1020301898320516 0.1704989751180013 0.8027069091796875 0.16685651143391927
out: 0.0
in: 0.6553524804177546 0.49645390070921985 0.015404929577464789 0.2161825117370892 0.1629988262910798 0.010930164319248826 2037 1664 1 0.1540864149729411 0.18662986755371094 0.8099947611490885 0.1751821200052897
out: 0.0
in: 0.6919060052219321 0.5106382978723404 0.01987969483568075 0.20980046948356806 0.15771713615023475 0.012544014084507043 2087 1790 1 0.13586673736572266 0.18767054875691733 0.819364865620931 0.148123836517334
out: 0.0
in: 0.5822454308093995 0.574468085106383 0.04284037558685446 0.26261737089201875 0.09727112676056338 0.0 2059 1741 1 0.12389380137125651 0.1439610481262207 0.7038000742594401 0.1595715840657552
out: 0.0
in: 0.6736292428198434 0.5390070921985816 0.02112676056338028 0.2432511737089202 0.1473738262910798 0.007629107981220657 2418 1860 1 0.11608537038167317 0.1855891545613607 0.7881311416625977 0.16477508544921876
out: 0.0
in: 0.7963446475195822 0.7659574468085106 0.032570422535211266 0.20980046948356806 0.21625586854460094 0.12786091549295775 4815 4109 3 1.4305048942565917 0.39181604385375973 2.5543986638387044 0.18419577280680338
out: 0.0
in: 0.6945169712793734 0.7163120567375887 0.0 0.1395980046948357 0.22234448356807512 0.19036091549295775 4808 4026 3 1.504424730936686 0.3845311164855957 2.714731852213542 0.2560043017069499
out: 0.0
in: 0.7441253263707572 0.7021276595744681 0.022813967136150234 0.20576584507042253 0.22065727699530516 0.10922828638497653 4861 4123 3 1.3055699666341147 0.20553019841512044 2.5330686569213867 0.2153646469116211
out: 0.0
in: 0.6788511749347258 0.6666666666666666 0.0 0.16175176056338028 0.22373826291079812 0.14759389671361503 4564 3866 3 1.5642894426981608 0.2018877347310384 2.635606384277344 0.2648502667744954
out: 0.0
in: 0.7310704960835509 0.6950354609929078 0.023914319248826293 0.17488262910798122 0.17950410798122066 0.10167253521126761 4584 3900 3 1.4081206957499186 0.23571057319641114 2.534617360432943 0.27421658833821616
out: 0.0
in: 0.6318537859007833 0.6382978723404256 0.01034330985915493 0.18933392018779344 0.1623386150234742 0.057511737089201875 4628 3901 3 1.4065590222676594 0.2752572695414225 2.331598091125488 0.3808886528015137
out: 0.0
in: 0.6109660574412533 0.624113475177305 0.0 0.1728286384976526 0.20914025821596244 0.06125293427230047 4347 3685 3 1.536179002126058 0.2122947374979655 2.3550233840942383 0.36163562138875327
out: 0.0
in: 0.6631853785900783 0.624113475177305 0.03491784037558685 0.10394659624413145 0.12881455399061034 0.06829518779342723 3421 3061 1 0.3144195556640625 0.06382689476013184 0.8630921045939127 0.12158590952555338
out: 0.0
in: 0.6997389033942559 0.6312056737588653 0.014818075117370893 0.1775968309859155 0.19278169014084506 0.0828931924882629 4113 3493 3 1.48099946975708 0.169105593363444 2.449245071411133 0.23727162679036456
out: 0.0
in: 0.6736292428198434 0.6453900709219859 0.011957159624413146 0.17077464788732394 0.21867664319248825 0.11179577464788733 4110 3553 3 1.586152998606364 0.10093952814737955 2.254567337036133 0.1883551120758057
out: 0.0
in: 0.6657963446475196 0.8652482269503546 0.047828638497652586 0.2545481220657277 0.1131161971830986 0.08744131455399061 2791 1824 3 1.9120249430338543 0.5458400885264079 2.3066110610961914 0.8289113362630208
out: 0.0
in: 0.7963446475195822 0.7943262411347518 0.10123239436619719 0.2400968309859155 0.15294894366197184 0.04416079812206573 3288 2152 4 2.65903164545695 0.8094820022583007 3.330036290486654 0.9229186375935872
out: 0.0
in: 0.6919060052219321 0.8652482269503546 0.06792840375586855 0.237162558685446 0.18933392018779344 0.02142018779342723 3408 2267 4 2.2753773371378583 0.8755665938059489 2.9245183944702147 1.0665356318155925
out: 0.0
in: 0.7650130548302873 0.9219858156028369 0.08017899061032864 0.2007775821596244 0.1643926056338028 0.059345657276995305 3782 2351 4 1.9724101384480792 0.9785961786905923 2.958354949951172 1.0602914174397786
out: 0.0
in: 0.7911227154046997 0.900709219858156 0.08215962441314555 0.22931338028169015 0.18207159624413147 0.05076291079812206 3412 2290 4 2.15252472559611 1.0186633110046386 3.0572486241658527 1.1008681615193683
out: 0.0
in: 0.7154046997389034 0.8865248226950354 0.08560739436619719 0.1885269953051643 0.1869131455399061 0.029049295774647887 3764 2466 4 2.099427318572998 0.8604763984680175 2.982762845357259 0.8697351773579916
out: 0.0
in: 0.7780678851174935 0.8226950354609929 0.03953931924882629 0.2191167840375587 0.18823356807511737 0.05046948356807512 3450 2167 4 2.2555959701538084 0.9302035490671794 3.0676729838053385 1.0030527432759602
out: 0.0
in: 0.6266318537859008 0.7872340425531915 0.035357981220657274 0.23650234741784038 0.17480927230046947 0.013791079812206572 3506 2230 4 2.229567845662435 0.8854533195495606 2.9031753540039062 0.9588228543599446
out: 0.0
in: 0.6788511749347258 0.75177304964539 0.05377053990610329 0.21728286384976525 0.19080105633802816 0.02039319248826291 3471 2267 4 2.3534616788228355 0.7720166524251302 2.9666839599609376 0.9073080380757649
out: 0.0
in: 0.7519582245430809 0.8014184397163121 0.06785504694835681 0.20151115023474178 0.16497946009389672 0.0707893192488263 3657 2191 4 2.41540854771932 0.8635985056559246 3.1962518692016597 0.9504972139994303
out: 0.0
in: 0.8903394255874674 0.7446808510638298 0.07020246478873239 0.10277288732394366 0.15713028169014084 0.1423855633802817 12974 5109 15 8.012493340174359 3.2282175064086918 8.229077212015788 3.884351126352947
out: 0.0
in: 0.804177545691906 0.6312056737588653 0.08230633802816902 0.15647007042253522 0.11164906103286384 0.04907570422535211 10092 5053 15 6.573659340540568 3.162653223673503 6.777719736099243 3.6289759953816727
out: 0.0
in: 0.8929503916449086 0.6808510638297872 0.06741490610328639 0.10952171361502347 0.11443661971830986 0.10350645539906103 8138 4927 18 9.2675688346227 3.613789367675781 9.59658915201823 4.106364917755127
out: 0.0
in: 0.8694516971279374 0.624113475177305 0.0820862676056338 0.1324823943661972 0.10930164319248827 0.07885856807511737 9908 5494 18 7.960957717895508 3.9207967440287277 8.140449396769206 4.5357757250467925
out: 0.0
in: 0.9399477806788512 0.6666666666666666 0.06814847417840375 0.1275674882629108 0.12573356807511737 0.10636737089201878 9145 5484 16 8.724622376759847 3.1536308924357095 9.109071620305379 3.7965551376342774
out: 0.0
in: 0.9007832898172323 0.6312056737588653 0.0878080985915493 0.11157570422535211 0.12206572769953052 0.10504694835680752 8688 5161 18 8.562727439403535 3.456122811635335 8.888159513473513 3.969688606262207
out: 0.0
in: 0.9399477806788512 0.7021276595744681 0.0826731220657277 0.11003521126760564 0.11627053990610328 0.10746772300469483 8267 4945 15 7.3617904663085945 2.854605134328206 7.6426338195800785 3.41476354598999
out: 0.0
in: 0.9112271540469974 0.7092198581560284 0.0838468309859155 0.13468309859154928 0.09103579812206573 0.08766138497652583 8872 5200 19 9.32170719305674 4.100141684214274 9.683692542711894 4.660277366638184
out: 0.0
in: 0.9138381201044387 0.6382978723404256 0.07343016431924883 0.1297681924882629 0.10299295774647887 0.09140258215962441 9165 5139 18 8.249349077542623 3.505556233723958 8.48724599679311 4.024866994222006
out: 0.0
in: 0.8746736292428199 0.7943262411347518 0.08839495305164319 0.15632335680751175 0.1034330985915493 0.07291666666666667 8154 4569 18 8.242061193784078 3.6273185094197586 8.421394888559977 4.23612979253133
out: 0.0
in: 0.28720626631853785 0.6524822695035462 0.0 0.10790786384976526 0.037411971830985914 0.0 5148 1277 3 1.4560124715169271 0.3069987456003825 1.6841620445251464 0.3054854075113932
out: 0.0
in: 0.23759791122715404 0.5531914893617021 0.0 0.09286971830985916 0.028535798122065727 0.0 5341 1458 4 1.9786569277445474 0.5805273056030272 2.0327953338623046 0.499352486928304
out: 0.0
in: 0.22193211488250653 0.5602836879432624 0.0 0.07988556338028169 0.02464788732394366 0.0 3716 1522 3 1.526288382212321 0.4152318636576335 1.570015589396159 0.3252110163370768
out: 0.0
in: 0.2845953002610966 0.5035460992907801 0.0 0.05494424882629108 0.06536091549295775 0.0 3355 1511 3 1.6720457077026367 0.41627254486083987 1.773555374145508 0.290867821375529
out: 0.0
in: 0.20887728459530025 0.5390070921985816 0.0 0.08494718309859155 0.023620892018779344 0.0 3185 1431 3 1.5252472241719564 0.5208632151285807 1.5590837478637694 0.42199643452962243
out: 0.0
in: 0.2245430809399478 0.524822695035461 0.0 0.08039906103286384 0.03352406103286385 0.0 3222 1422 3 1.5939614613850912 0.45113611221313477 1.6546864191691082 0.3625407854715983
out: 0.0
in: 0.22193211488250653 0.48226950354609927 0.0 0.07665786384976526 0.029049295774647887 0.0 3194 1542 3 1.555439821879069 0.5036916097005208 1.6246746063232422 0.43136275609334307
out: 0.0
in: 0.23759791122715404 0.46808510638297873 0.0 0.05112969483568075 0.05193661971830986 0.0 3258 1408 3 1.6153044700622559 0.5546860694885254 1.6881832122802733 0.4552989323933919
out: 0.0
in: 0.2402088772845953 0.3971631205673759 0.0 0.05259683098591549 0.04203345070422535 0.0 2891 1394 3 1.5835501988728842 0.5395958582560221 1.671880340576172 0.4580659866333008
out: 0.0
in: 0.2349869451697128 0.5035460992907801 0.0 0.0619131455399061 0.0539906103286385 0.0 3351 1489 3 1.6028109868367513 0.5021305720011393 1.6408120473225911 0.36111532847086586
out: 0.0
in: 0.7258485639686684 0.45390070921985815 0.0 0.08634096244131455 0.08714788732394366 0.11773767605633803 23357 9284 8 4.424778588612875 1.074676259358724 5.054138310750326 1.28125581741333
out: 0.0
in: 0.7467362924281984 0.41134751773049644 0.0 0.0977112676056338 0.07122946009389672 0.126393779342723 23071 13217 10 5.677251259485881 1.3901769320170085 6.194962978363037 1.525976085662842
out: 0.0
in: 0.7989556135770235 0.45390070921985815 0.0397593896713615 0.07717136150234742 0.05384389671361502 0.12646713615023475 16641 10863 8 3.7480478127797445 1.0543824831644695 4.3810514609018965 1.2260985056559246
out: 0.0
in: 0.7597911227154047 0.375886524822695 0.050029342723004695 0.05963908450704225 0.0892018779342723 0.05582453051643192 14999 10872 7 2.9312857468922933 0.8453775087992349 3.4583549340566 1.0267200469970703
out: 0.0
in: 0.783289817232376 0.425531914893617 0.06147300469483568 0.05421068075117371 0.0846537558685446 0.058171948356807515 15571 10313 8 3.6819364309310916 0.9945420900980632 4.269651063283284 1.1402405420939128
out: 0.0
in: 0.804177545691906 0.3900709219858156 0.08017899061032864 0.061326291079812204 0.09595070422535211 0.05523767605633803 22894 11029 9 3.999479345480601 1.2488176981608075 4.60411231915156 1.3658967971801759
out: 0.0
in: 0.8015665796344648 0.3546099290780142 0.07585093896713616 0.0846537558685446 0.0710093896713615 0.046581572769953054 13501 8059 8 3.1858406305313114 0.9794518788655598 3.7844871481259665 1.1771855036417642
out: 0.0
in: 0.814621409921671 0.3971631205673759 0.06946889671361503 0.05978579812206573 0.079518779342723 0.07350352112676056 14492 8774 8 3.315981101989746 1.0470975875854491 3.9203538497289023 1.2417091051737468
out: 0.0
in: 0.8955613577023499 0.40425531914893614 0.06565434272300469 0.05112969483568075 0.07056924882629108 0.09668427230046948 17114 9591 9 3.9495054324467977 1.058889357248942 4.672566270828247 1.2256620089213055
out: 0.0
in: 0.7702349869451697 0.48226950354609927 0.07834507042253522 0.0448943661971831 0.09551056338028169 0.03374413145539906 27629 11349 11 4.2097864985466 1.1329469045003258 4.831962641080221 1.3504538853963217
out: 0.0
in: 0.31070496083550914 0.7943262411347518 0.0 0.144806338028169 0.09419014084507042 0.0 2402 1202 2 0.9307652155558268 0.45495491027832025 1.2232599894205731 0.32255598704020183
out: 0.0
in: 0.391644908616188 0.8226950354609929 0.0 0.13578345070422534 0.12910798122065728 0.0 1628 1082 2 1.0156168301900228 0.45911773045857746 1.3154606501261394 0.3368350982666016
out: 0.0
in: 0.3838120104438642 0.7588652482269503 0.0 0.08480046948356808 0.17209507042253522 0.0 1699 1094 2 1.0989068031311036 0.48981847763061526 1.3857365290323893 0.3675358454386393
out: 0.0
in: 0.3629242819843342 0.7092198581560284 0.0 0.06345363849765258 0.17590962441314553 1.4671361502347418E-4 1743 1178 2 1.096824550628662 0.4611991246541341 1.4393543879191082 0.347502326965332
out: 0.0
in: 0.34986945169712796 0.7801418439716312 0.0 0.07849178403755869 0.17018779342723006 0.0 1625 1122 2 1.1103591918945312 0.47733004887898767 1.378461774190267 0.36388270060221356
out: 0.0
in: 0.38642297650130547 0.7872340425531915 0.0 0.08736795774647887 0.17495598591549297 0.0 1595 1121 2 1.079125436147054 0.4965830167134603 1.373763656616211 0.33371302286783855
out: 0.0
in: 0.3289817232375979 0.7943262411347518 0.0 0.07592429577464789 0.18339201877934272 0.0 1741 1163 2 1.0853721936543783 0.46640262603759763 1.37532533009847 0.33475370407104493
out: 0.0
in: 0.3472584856396867 0.8226950354609929 0.0 0.1330692488262911 0.14590669014084506 0.0 1763 1226 2 1.0499739329020183 0.45495491027832036 1.319357426961263 0.37092555363972984
out: 0.0
in: 0.34464751958224543 0.7943262411347518 0.0 0.07592429577464789 0.1864730046948357 0.0 1725 1105 2 1.133263905843099 0.4752485911051432 1.4331076939900718 0.3789835929870606
out: 0.0
in: 0.34986945169712796 0.8794326241134752 0.0 0.048048708920187796 0.21522887323943662 0.004768192488262911 1627 1139 2 1.2066631317138672 0.4731672286987305 1.5065069834391276 0.36649516423543294
out: 0.0
in: 0.6919060052219321 0.6950354609929078 0.09991197183098592 0.22058392018779344 0.11964495305164319 1.4671361502347418E-4 10180 3351 3 0.8157209714253744 0.2981527805328369 1.3440915584564208 0.49510580698649087
out: 0.0
in: 0.5091383812010444 0.75177304964539 0.1056338028169014 0.2604166666666667 0.06675469483568075 0.0 5218 3737 2 0.5346173763275146 0.22600021362304687 0.9095245043436686 0.402294921875
out: 0.0
in: 0.5326370757180157 0.7659574468085106 0.0755575117370892 0.19241490610328638 0.13600352112676056 0.0 6119 3544 4 1.5366995652516682 0.36822388966878256 1.687402311960856 0.83940216700236
out: 0.0
in: 0.5535248041775457 0.75177304964539 0.07731807511737089 0.2475792253521127 0.12888791079812206 0.0 6535 4097 3 1.1134825388590497 0.3080394426981608 1.474752680460612 0.6977827390034994
out: 0.0
in: 0.5691906005221932 0.6453900709219859 0.0801056338028169 0.21405516431924881 0.06814847417840375 0.0 6179 3264 4 1.3742841998736064 0.40672988891601564 1.5742525895436603 0.9546237945556642
out: 0.0
in: 0.5274151436031331 0.7304964539007093 0.08876173708920188 0.23921654929577466 0.08553403755868545 0.0 5731 3096 4 1.454450750350952 0.3812326749165853 1.6889310836791993 0.9203168551127116
out: 0.0
in: 0.5796344647519582 0.7163120567375887 0.0735768779342723 0.23598884976525822 0.12389964788732394 0.0 6818 3275 6 2.490890129407247 0.6181602636973064 2.7532534281412757 1.1208198229471842
out: 0.0
in: 0.5848563968668408 0.6950354609929078 0.07665786384976526 0.22615903755868544 0.11751760563380281 0.0 5135 3181 4 1.410202999909719 0.4197386741638184 1.6085371653238931 0.8859736124674479
out: 0.0
in: 0.5796344647519582 0.7163120567375887 0.06536091549295775 0.20862676056338028 0.1345363849765258 0.0 5305 2971 4 1.5002602179845175 0.41973864237467445 1.7297354062398276 0.9832793871561687
out: 0.0
in: 0.556135770234987 0.7021276595744681 0.08414025821596244 0.20583920187793428 0.09352992957746478 0.0 5552 3023 4 1.4544507424036661 0.32087187767028813 1.6605933825174968 0.8453862190246582
out: 0.0
in: 0.9007832898172323 0.7092198581560284 0.09778462441314555 0.1517018779342723 0.3158010563380282 0.1918280516431925 12197 4656 3 1.803227472305298 0.8023733774820965 2.561166000366211 0.825268840789795
out: 0.0
in: 0.9530026109660574 0.723404255319149 0.14487969483568075 0.12074530516431925 0.2084800469483568 0.2326144366197183 6672 5053 3 1.955752150217692 0.6806111335754395 2.7740758895874023 0.7019455591837566
out: 0.0
in: 0.95822454308094 0.7730496453900709 0.13593016431924881 0.10871478873239436 0.3587147887323944 0.1997505868544601 6090 4836 3 1.9489848375320435 0.7430533409118653 2.742842165629069 0.759704558054606
out: 0.0
in: 0.9738903394255874 0.8936170212765957 0.1349031690140845 0.1283744131455399 0.3229900234741784 0.2706132629107981 6890 5554 4 1.9239978453765314 0.9936864217122395 2.7667880675445 1.0717391649881998
out: 0.0
in: 0.9556135770234987 0.8156028368794326 0.13893779342723006 0.15104166666666666 0.3144072769953052 0.1843456572769953 6175 4865 4 2.501821871598562 0.8719241460164389 3.0851118405659994 1.0902116139729818
out: 0.0
in: 0.9817232375979112 0.8297872340425532 0.11047535211267606 0.1054137323943662 0.23144072769953053 0.3056044600938967 7174 5564 4 2.553357517719269 0.970270601908366 3.149401251475016 1.1529139836629232
out: 0.0
in: 0.9530026109660574 0.8581560283687943 0.13615023474178403 0.15625 0.3574677230046948 0.24882629107981222 6377 5158 4 2.3800103108088173 0.8693224271138509 3.047891648610433 1.050404707590739
out: 0.0
in: 0.9268929503916449 0.8794326241134752 0.16541960093896713 0.13739730046948356 0.3390551643192488 0.12507335680751175 6406 4671 6 3.3565849603464204 1.2842102368672688 3.930244539305568 1.5657203992207844
out: 0.0
in: 0.9477806788511749 0.8014184397163121 0.14091842723004694 0.13101525821596244 0.2420774647887324 0.23584213615023475 6557 4849 6 4.37428408463796 1.327399412790934 4.933888403574626 1.5381417592366535
out: 0.0
in: 0.9530026109660574 0.851063829787234 0.137837441314554 0.13167546948356806 0.24435152582159625 0.26885269953051644 6617 5635 4 1.5356584530323742 0.9858811060587565 2.223413910592596 1.1582849184672037
out: 0.0
in: 0.597911227154047 0.7163120567375887 0.018705985915492957 0.14935446009389672 0.11040199530516431 0.037632042253521125 6205 4021 2 0.6257157325744629 0.2936459223429362 1.005726146697998 0.23588690757751463
out: 0.0
in: 0.4308093994778068 0.7730496453900709 0.02098004694835681 0.18485915492957747 0.1145099765258216 0.0 4393 3518 2 0.5694950262705485 0.27959645589192705 1.1436751683553061 0.09747339884440104
out: 0.0
in: 0.402088772845953 0.7446808510638298 0.0 0.22315140845070422 0.1056338028169014 0.0 3812 3020 2 0.59500257174174 0.4102046966552734 1.2295679092407226 0.042836507161458336
out: 0.0
in: 0.4804177545691906 0.8652482269503546 0.0 0.20011737089201878 0.18155809859154928 0.0 3851 3195 2 0.6543466885884603 0.41905062993367515 1.3102550506591797 0.11412464777628581
out: 0.0
in: 0.587467362924282 0.8439716312056738 0.0 0.15133509389671362 0.188893779342723 0.05479753521126761 4135 3307 2 0.7293076197306314 0.4232134501139323 1.5183327356974283 0.15265611012776692
out: 0.0
in: 0.6214099216710183 0.8156028368794326 0.0 0.11700410798122066 0.16798708920187794 0.11597711267605634 4520 3496 2 0.8157209714253744 0.36649513244628906 1.6918263753255207 0.10083219210306804
out: 0.0
in: 0.720626631853786 0.7659574468085106 0.006235328638497652 0.1710680751173709 0.1936619718309859 0.13299589201877934 4881 3979 2 0.6475793838500976 0.39355341593424475 1.6928682327270508 0.18281105359395344
out: 0.0
in: 0.6449086161879896 0.7659574468085106 0.0067488262910798125 0.14730046948356806 0.15324237089201878 0.0650674882629108 4256 3500 2 0.6663196086883545 0.4664026578267415 1.5689744313557943 0.15211032231648763
out: 0.0
in: 0.5639686684073107 0.8226950354609929 0.0 0.09426349765258216 0.1772300469483568 0.15118838028169015 4543 3796 2 0.9156689325968423 0.3545270601908366 1.790213394165039 0.09955482482910155
out: 0.0
in: 0.5718015665796344 0.7588652482269503 0.0 0.10622065727699531 0.1780369718309859 0.12184565727699531 4329 3620 2 0.8302967071533203 0.356088129679362 1.7039503733317058 0.08630216916402181
out: 0.0
in: 0.6945169712793734 0.6453900709219859 0.012764084507042254 0.1317488262910798 0.10534037558685445 0.05699823943661972 6768 4195 5 2.471629285812378 0.944076665242513 2.9297240416208905 0.9362714131673178
out: 0.0
in: 0.6318537859007833 0.6099290780141844 0.019732981220657277 0.13857100938967137 0.09352992957746478 0.0553843896713615 5911 4157 5 2.401873970031738 1.062716833750407 2.81194429397583 1.0690472920735676
out: 0.0
in: 0.597911227154047 0.574468085106383 0.016505281690140844 0.13673708920187794 0.10812793427230047 0.03022300469483568 5430 3899 5 2.3669963200887043 1.0559522310892742 2.7529932022094727 1.0629769961039226
out: 0.0
in: 0.639686684073107 0.6595744680851063 0.05076291079812206 0.09044894366197183 0.0826731220657277 0.009096244131455399 4765 3128 5 2.0515356222788492 1.1298421541849772 2.5533575852711996 1.2183019002278646
out: 0.0
in: 0.6318537859007833 0.7446808510638298 0.03022300469483568 0.12712734741784038 0.09793133802816902 0.005501760563380281 5198 3260 5 2.087974961598714 1.0122427304585775 2.5575220584869385 1.10226354598999
out: 0.0
in: 0.6214099216710183 0.6028368794326241 0.028682511737089203 0.10578051643192488 0.09213615023474178 0.007922535211267605 4906 3214 5 2.1218115011850993 1.0689610799153646 2.5465902487436933 1.1059060096740723
out: 0.0
in: 0.6240208877284595 0.624113475177305 0.05384389671361502 0.09433685446009389 0.0880281690140845 0.0030809859154929575 4919 3130 5 1.9541904131571455 0.9883065859476725 2.4429983139038085 1.035138193766276
out: 0.0
in: 0.6057441253263708 0.6028368794326241 0.03829225352112676 0.09873826291079812 0.08810152582159625 0.005134976525821597 4971 3127 5 2.0645496209462486 1.0398213704427084 2.483081610997518 1.086652978261312
out: 0.0
in: 0.6135770234986945 0.5886524822695035 0.06205985915492958 0.09147593896713616 0.0828931924882629 2.9342723004694836E-4 5272 3252 5 1.879229513804118 1.094458262125651 2.30765217145284 1.1064263343811036
out: 0.0
in: 0.5926892950391645 0.6312056737588653 0.06227992957746479 0.1042400234741784 0.07981220657276995 0.0 4935 3113 5 1.8105153401692706 1.0086002667744953 2.285268036524455 1.034617837270101
out: 0.0
in: 0.5587467362924282 0.7730496453900709 0.0 0.17018779342723006 0.05604460093896713 0.011443661971830986 2062 672 1 0.39406557083129884 0.0476960023244222 0.8125975926717123 0.037809324264526364
out: 0.0
in: 0.5718015665796344 0.8226950354609929 0.0 0.10306631455399061 0.10071889671361503 0.030883215962441316 1343 672 1 0.3956272761027018 0.0476960023244222 0.9385736465454102 -0.006940905253092448
out: 0.0
in: 0.618798955613577 0.8368794326241135 0.0 0.13578345070422534 0.08890845070422536 0.031543427230046946 1430 707 1 0.3883393923441569 0.009189987182617187 0.9323268890380859 0.015434201558430989
out: 0.0
in: 0.5013054830287206 0.7021276595744681 0.0 0.08032570422535211 0.10064553990610328 0.02149354460093897 1561 684 1 0.4419573148091634 0.011271397272745768 0.8714211146036784 0.05237916310628255
out: 0.0
in: 0.5169712793733682 0.7730496453900709 0.0 0.0664612676056338 0.11993838028169014 0.03125 1371 693 1 0.4221759478251139 0.007628933588663737 0.9255595525105794 8.643627166748047E-4
out: 0.0
in: 0.5456919060052219 0.7801418439716312 0.0 0.06800176056338028 0.10724765258215962 0.03491784037558685 1205 632 1 0.4102030118306478 0.04249248504638672 0.9510670979817708 0.04561459223429362
out: 0.0
in: 0.5195822454308094 0.9219858156028369 0.0 0.07313673708920188 0.10790786384976526 0.03249706572769953 1412 713 1 0.423737621307373 0.004506826400756836 0.9370119730631511 0.05341986020406087
out: 0.0
in: 0.4281984334203655 0.7588652482269503 0.0 0.0644806338028169 0.10754107981220658 0.02112676056338028 1256 628 1 0.4419573148091634 0.01855630874633789 0.869338862101237 0.009710343678792317
out: 0.0
in: 0.5926892950391645 0.8226950354609929 0.0 0.08905516431924883 0.09316314553990611 0.03330399061032864 1915 906 2 0.8646537780761718 0.06000808080037435 1.3697014490763346 0.056144030888875325
out: 0.0
in: 0.5013054830287206 0.7021276595744681 0.0 0.024501173708920188 0.12404636150234742 0.039686032863849766 1355 748 1 0.5039042154947917 0.03676861127217611 0.9802186330159505 0.01751561164855957
out: 0.0
in: 0.9608355091383812 0.7588652482269503 0.13893779342723006 0.13204225352112675 0.11032863849765258 0.12338615023474178 9161 4323 8 4.458615159988403 1.109539826711019 4.854089832305909 1.4056198120117187
out: 0.0
in: 0.9216710182767625 0.7730496453900709 0.14700704225352113 0.12118544600938967 0.12419307511737089 0.09338321596244131 6962 4689 8 3.8771471897761023 1.0377312819163005 4.288676873842875 1.4137514114379883
out: 0.0
in: 0.9268929503916449 0.8156028368794326 0.18207159624413147 0.11421654929577464 0.09734448356807512 0.10137910798122066 9037 5570 10 4.083289724836747 1.454700501759847 4.68037471373876 1.8652578671773274
out: 0.0
in: 0.9242819843342036 0.7163120567375887 0.1325557511737089 0.10145246478873239 0.09675762910798122 0.11150234741784038 8470 4520 8 4.214992062250773 1.0111933549245198 4.728820959726969 1.2963629404703776
out: 0.0
in: 0.9033942558746736 0.6879432624113475 0.14700704225352113 0.10842136150234742 0.1010856807511737 0.07592429577464789 7683 5663 8 3.775117063522339 0.9846554279327392 4.2825705448786415 1.2527310212453207
out: 0.0
in: 0.9190600522193212 0.7801418439716312 0.1481807511737089 0.11869131455399061 0.10137910798122066 0.13328931924882628 7191 5220 8 4.147319046656291 1.0762373129526774 4.625195089975993 1.3910499413808188
out: 0.0
in: 0.9347258485639687 0.8085106382978723 0.18595950704225353 0.12316607981220658 0.11157570422535211 0.12830105633802816 8684 5061 10 4.499219028155009 1.4666686216990152 4.963039954503377 1.780440584818522
out: 0.0
in: 0.9634464751958225 0.8723404255319149 0.18801349765258216 0.139231220657277 0.11216255868544601 0.13497652582159625 6964 5214 8 4.112441362937291 1.1563714504241944 4.709005586306254 1.4538094838460287
out: 0.0
in: 0.9425587467362925 0.851063829787234 0.1698943661971831 0.14781396713615025 0.1224325117370892 0.13189553990610328 7378 5139 8 3.9344090700149534 1.172502342859904 4.490572929382324 1.5718936920166016
out: 0.0
in: 0.9425587467362925 0.8652482269503546 0.18309859154929578 0.143412558685446 0.14561326291079812 0.09485035211267606 7664 5185 8 3.7204580465952555 1.461817773183187 4.29932320912679 1.678283977508545
out: 0.0
in: 0.9007832898172323 0.9574468085106383 0.09052230046948356 0.2619571596244131 0.25858274647887325 0.12962147887323944 6498 5061 2 0.9958354632059734 0.30665472348531086 1.4258198420206707 0.4565159797668457
out: 0.0
in: 0.7728459530026109 0.9574468085106383 0.03572476525821596 0.2737676056338028 0.27838908450704225 0.16072476525821597 8352 6994 2 0.9859448115030924 0.22808162371317545 1.3758458773295086 0.4435071627298991
out: 0.0
in: 0.7754569190600522 0.9432624113475178 0.03044307511737089 0.22946009389671362 0.2890258215962441 0.14847417840375587 7594 6634 2 1.0281103134155274 0.26398590405782063 1.4096824010213216 0.4843548138936361
out: 0.0
in: 0.8328981723237598 0.9645390070921985 0.035651408450704226 0.222931338028169 0.2652582159624413 0.1837588028169014 7211 6567 2 1.0869338671366373 0.2530584971110026 1.46902650197347 0.5101121584574382
out: 0.0
in: 0.8093994778067886 0.9716312056737588 0.03895246478873239 0.2496332159624413 0.2758949530516432 0.12279929577464789 6601 5719 2 0.9635606129964194 0.22235776583353678 1.4018739700317382 0.4585973421732584
out: 0.0
in: 0.7441253263707572 0.9645390070921985 0.03447769953051643 0.24376467136150234 0.2867517605633803 0.11157570422535211 6882 6211 2 0.9718896230061849 0.24525324503580728 1.3820926348368325 0.47680966059366864
out: 0.0
in: 0.7859007832898173 0.9787234042553191 0.021346830985915492 0.23642899061032863 0.26137030516431925 0.10064553990610328 6551 5467 2 0.7730348587036133 0.3233059565226237 1.2040603955586753 0.5657897631327311
out: 0.0
in: 0.804177545691906 0.9787234042553191 0.034624413145539906 0.2177230046948357 0.2579225352112676 0.12654049295774647 6346 5640 2 1.0452888806660972 0.23744797706604004 1.4528890609741212 0.49710337320963544
out: 0.0
in: 0.7336814621409922 0.9858156028368794 0.01591842723004695 0.2177230046948357 0.26467136150234744 0.14964788732394366 6378 5660 2 1.0926600774129231 0.27543361981709796 1.3951066652933757 0.5298855145772298
out: 0.0
in: 0.7336814621409922 0.9716312056737588 0.014524647887323943 0.23283450704225353 0.25271420187793425 0.1429724178403756 6877 5819 2 1.0963039716084797 0.20830829938252765 1.4372721989949544 0.5017865498860676
out: 0.0
in: 0.17493472584856398 0.7588652482269503 0.0 0.09132922535211267 0.07489730046948356 0.0 6035 1520 1 0.47527329126993817 0.25687732696533205 0.5955231348673503 0.2501127560933431
out: 0.0
in: 0.20365535248041775 0.574468085106383 0.0 0.07834507042253522 0.09125586854460094 0.0 6376 1412 1 0.519000498453776 0.2688453992207845 0.6114614486694336 0.22183014551798502
out: 0.0
in: 0.17232375979112272 0.5319148936170213 0.0 0.010710093896713615 0.10988849765258216 0.0 2965 1435 1 0.5179593722025554 0.29330193201700844 0.644976552327474 0.2792524337768555
out: 0.0
in: 0.13315926892950392 0.44680851063829785 0.0 0.01694542253521127 0.0854606807511737 0.0 1977 1251 1 0.5169182459513346 0.2501127560933431 0.5882352828979492 0.2173306147257487
out: 0.0
in: 0.12532637075718014 0.5106382978723404 0.0 0.0029342723004694834 0.11018192488262911 0.0 1970 1340 1 0.5200416247049967 0.27821172078450523 0.6137428283691406 0.24438886642456054
out: 0.0
in: 0.15926892950391644 0.45390070921985815 0.0 0.028095657276995305 0.09910504694835681 0.0 2046 1297 1 0.5179593722025554 0.23970572153727213 0.5866736094156901 0.27300821940104164
out: 0.0
in: 0.13838120104438642 0.3971631205673759 0.0 0.0014671361502347417 0.1139231220657277 0.0 2022 1408 1 0.5257678031921387 0.2542755444844564 0.6199895858764648 0.23710397084554036
out: 0.0
in: 0.13838120104438642 0.44680851063829785 0.0 0.010636737089201879 0.09595070422535211 0.0 1811 1198 1 0.5294117609659831 0.24282782872517902 0.608537228902181 0.23502254486083984
out: 0.0
in: 0.1174934725848564 0.4397163120567376 0.0 0.0 0.10277288732394366 0.0 2212 1274 1 0.5403435389200847 0.2823745409647624 0.6127017339070638 0.2704064687093099
out: 0.0
in: 0.19321148825065274 0.46808510638297873 0.0 0.0619131455399061 0.08201291079812206 0.0 2049 1428 1 0.5091098149617513 0.26051979064941405 0.6205101648966471 0.26988611221313474
out: 0.0
