in: 0.7519582245430809 0.7588652482269503 0.12037852112676056 0.15126173708920188 0.2197036384976526 0.04724178403755869 5853 4276 6 2.572618357340495 1.2935765902201335 3.2113481998443603 1.200953976313273
out: 0.0
in: 0.8067885117493473 0.8581560283687943 0.10211267605633803 0.18045774647887325 0.21317488262910797 0.12096537558685445 5939 4253 6 2.7558562358220415 1.3435303052266439 3.5387882868448894 1.3143906275431316
out: 0.0
in: 0.8015665796344648 0.8226950354609929 0.09213615023474178 0.18031103286384975 0.214568661971831 0.15030809859154928 5587 4362 5 2.762102993329366 0.8379249572753906 3.4339795112609863 1.052232313156128
out: 0.0
in: 0.8668407310704961 0.9716312056737588 0.0832599765258216 0.14077171361502347 0.1899207746478873 0.2422975352112676 5849 4668 5 2.9781363646189374 0.8540558497111002 3.7345131556193034 1.0385433991750082
out: 0.0
in: 0.7728459530026109 0.900709219858156 0.14385269953051644 0.20466549295774647 0.23848298122065728 0.03572476525821596 5405 4181 6 2.479437724749247 1.0880377133687338 3.118688201904297 0.9444206873575846
out: 0.0
in: 0.8120104438642297 0.7730496453900709 0.08377347417840375 0.1528755868544601 0.234375 0.12177230046948356 5465 4256 5 2.883914550145467 0.7005521297454833 3.348420651753744 0.9209069252014159
out: 0.0
in: 0.7859007832898173 0.8368794326241135 0.07797828638497653 0.15280223004694835 0.2456719483568075 0.1400381455399061 5288 4092 6 3.1140030463536577 1.0448485215504963 3.7391982396443684 1.0000983238220216
out: 0.0
in: 0.8720626631853786 0.8865248226950354 0.12037852112676056 0.14649354460093897 0.21669600938967137 0.19571596244131456 5504 4293 5 2.7798021157582604 0.761953608194987 3.545028495788574 1.007559569676717
out: 0.0
in: 0.8172323759791122 0.8439716312056738 0.12433978873239436 0.20268485915492956 0.21941021126760563 0.09426349765258216 5244 3945 6 2.7548151691754654 0.9662754535675049 3.4716293334960935 0.9693975607554117
out: 0.0
