in: 0.6840731070496083 0.5886524822695035 0.056338028169014086 0.1354900234741784 0.10658744131455399 0.012397300469483568 3576 2846 4 1.0400832494099934 0.9281221071879069 1.605413850148519 0.9999306360880534
out: 0.0
in: 0.639686684073107 0.624113475177305 0.05068955399061033 0.14994131455399062 0.10013204225352113 0.0017605633802816902 3812 2934 5 1.2316501537958782 1.0502283732096354 1.8050294081370035 1.1015029907226563
out: 0.0
in: 0.6005221932114883 0.6170212765957447 0.05076291079812206 0.1368838028169014 0.10057218309859155 1.4671361502347418E-4 3762 2875 6 1.85632479985555 1.4168998718261716 2.373243045806885 1.5715295791625976
out: 0.0
in: 0.6631853785900783 0.574468085106383 0.06088615023474178 0.13761737089201878 0.10952171361502347 0.0022740610328638496 4548 3323 5 1.240499703089396 1.123077646891276 1.8181341648101808 1.2017337799072265
out: 0.0
in: 0.639686684073107 0.524822695035461 0.05010269953051643 0.13578345070422534 0.10512030516431925 0.006088615023474179 4390 3333 4 0.9453409353892008 1.0405180295308432 1.5127537568410239 1.0722594579060871
out: 0.0
