in: 0.7441253263707572 0.9645390070921985 0.03447769953051643 0.24376467136150234 0.2867517605633803 0.11157570422535211 6882 6211 2 0.9718896230061849 0.24525324503580728 1.3820926348368325 0.47680966059366864
out: 0.0
in: 0.7859007832898173 0.9787234042553191 0.021346830985915492 0.23642899061032863 0.26137030516431925 0.10064553990610328 6551 5467 2 0.7730348587036133 0.3233059565226237 1.2040603955586753 0.5657897631327311
out: 0.0
in: 0.804177545691906 0.9787234042553191 0.034624413145539906 0.2177230046948357 0.2579225352112676 0.12654049295774647 6346 5640 2 1.0452888806660972 0.23744797706604004 1.4528890609741212 0.49710337320963544
out: 0.0
in: 0.7336814621409922 0.9858156028368794 0.01591842723004695 0.2177230046948357 0.26467136150234744 0.14964788732394366 6378 5660 2 1.0926600774129231 0.27543361981709796 1.3951066652933757 0.5298855145772298
out: 0.0
in: 0.7336814621409922 0.9716312056737588 0.014524647887323943 0.23283450704225353 0.25271420187793425 0.1429724178403756 6877 5819 2 1.0963039716084797 0.20830829938252765 1.4372721989949544 0.5017865498860676
out: 0.0
