in: 0.825065274151436 0.6524822695035462 0.12588028169014084 0.12991490610328638 0.061619718309859156 0.04416079812206573 5092 3294 4 1.9698073148727417 0.7038506189982097 2.7704320271809895 0.5883325576782226
out: 0.0
in: 0.7310704960835509 0.7446808510638298 0.13703051643192488 0.14920774647887325 0.05985915492957746 0.012470657276995305 4776 3237 4 1.7844871997833254 0.6653446197509766 2.452368450164795 0.5186054706573486
out: 0.0
in: 0.7389033942558747 0.75177304964539 0.08927523474178403 0.14759389671361503 0.07130281690140845 0.031323356807511735 4906 3353 4 2.0166579246520997 0.7423566182454427 2.6767307917277017 0.5820883591969808
out: 0.0
in: 0.8798955613577023 0.75177304964539 0.1525088028169014 0.14392605633802816 0.04526115023474178 0.047168427230046946 5384 3520 4 1.8365434169769288 0.7423565864562988 2.6454970677693685 0.521467383702596
out: 0.0
in: 0.7963446475195822 0.8368794326241135 0.13813086854460094 0.14568661971830985 0.08113262910798122 0.057511737089201875 6162 3898 4 1.8167620579401653 0.7189408302307129 2.6121810913085937 0.5305735270182292
out: 0.0
in: 0.7284595300261096 0.6879432624113475 0.12008509389671361 0.13637030516431925 0.05267018779342723 0.012544014084507043 4985 3368 4 1.8037479639053344 0.6185129165649413 2.499739646911621 0.5430619875590006
out: 0.0
in: 0.793733681462141 0.7375886524822695 0.13123532863849766 0.14326584507042253 0.07188967136150234 0.023327464788732395 4609 3375 4 1.9271212736765544 0.732990296681722 2.6678812662760416 0.5602335770924886
out: 0.0
in: 0.804177545691906 0.900709219858156 0.12323943661971831 0.15632335680751175 0.07027582159624413 0.03000293427230047 4532 3460 4 1.9390941778818767 0.6460915883382161 2.7522123018900553 0.47853838602701826
out: 0.0
in: 0.7963446475195822 0.8156028368794326 0.15514964788732394 0.14128521126760563 0.06264671361502347 0.023547535211267605 4649 3485 4 1.7959395845731099 0.6877197265625 2.5674127260843913 0.45391918818155924
out: 0.0
