in: 0.18798955613577023 0.7588652482269503 0.0 0.12089201877934272 0.0 0.0 1514 941 1 0.4440395673116048 0.10077184041341146 0.47475271224975585 0.16269369125366212
out: 0.0
in: 0.27676240208877284 0.7588652482269503 0.0 0.08890845070422536 0.06455399061032864 0.0 1830 1201 1 0.6179073333740235 0.0778763771057129 0.5804268519083658 0.17570247650146484
out: 0.0
in: 0.24281984334203655 0.7446808510638298 0.0 0.10534037558685445 0.02897593896713615 0.0 1591 1018 1 0.5783445994059245 0.05289951960245768 0.552837053934733 0.14448137283325196
out: 0.0
in: 0.20365535248041775 0.723404255319149 0.0 0.04306044600938967 0.09030223004694836 0.0 1484 961 1 0.6382092793782552 0.07683569590250651 0.6095783233642578 0.14656279881795248
out: 0.0
in: 0.17232375979112272 0.7588652482269503 0.0 0.04988262910798122 0.0755575117370892 0.0 1613 1012 1 0.5955231348673503 0.09140551884969075 0.5773142496744792 0.155400816599528
out: 0.0
in: 0.19321148825065274 0.7943262411347518 0.0 0.030663145539906102 0.09705105633802817 0.0 1571 941 1 0.6215512593587239 0.09764973322550456 0.5908381144205729 0.16321404774983725
out: 0.0
in: 0.19321148825065274 0.8368794326241135 0.0 0.013497652582159625 0.12177230046948356 0.0 1507 929 1 0.6673607508341471 0.0778763771057129 0.6022904713948568 0.11898415883382162
out: 0.0
in: 0.195822454308094 0.7021276595744681 0.0 0.016505281690140844 0.09917840375586855 0.0 1458 886 1 0.6647579193115234 0.08307991027832032 0.6366475423177084 0.1611326217651367
out: 0.0
in: 0.17754569190600522 0.7375886524822695 0.0 0.02266725352112676 0.10328638497652583 0.0 1438 901 1 0.6257157643636068 0.09348694483439128 0.6314419428507487 0.13563540776570637
out: 0.0
in: 0.17232375979112272 0.6879432624113475 0.0 0.010196596244131455 0.11010856807511737 0.0 1565 907 1 0.6454971313476563 0.08776305516560873 0.6324830373128255 0.15176630020141602
out: 0.0
