in: 0.7023498694516971 0.5177304964539007 0.041886737089201875 0.24882629107981222 0.12441314553990611 0.01004988262910798 1961 1755 1 0.1020301898320516 0.1704989751180013 0.8027069091796875 0.16685651143391927
out: 0.0
in: 0.6553524804177546 0.49645390070921985 0.015404929577464789 0.2161825117370892 0.1629988262910798 0.010930164319248826 2037 1664 1 0.1540864149729411 0.18662986755371094 0.8099947611490885 0.1751821200052897
out: 0.0
in: 0.6919060052219321 0.5106382978723404 0.01987969483568075 0.20980046948356806 0.15771713615023475 0.012544014084507043 2087 1790 1 0.13586673736572266 0.18767054875691733 0.819364865620931 0.148123836517334
out: 0.0
in: 0.5822454308093995 0.574468085106383 0.04284037558685446 0.26261737089201875 0.09727112676056338 0.0 2059 1741 1 0.12389380137125651 0.1439610481262207 0.7038000742594401 0.1595715840657552
out: 0.0
in: 0.6736292428198434 0.5390070921985816 0.02112676056338028 0.2432511737089202 0.1473738262910798 0.007629107981220657 2418 1860 1 0.11608537038167317 0.1855891545613607 0.7881311416625977 0.16477508544921876
out: 0.0
