in: 0.639686684073107 0.5602836879432624 0.04041960093896713 0.12015845070422536 0.07907863849765258 0.0022007042253521128 4012 2823 4 0.9760541280110677 1.0571692784627278 1.6022904396057127 1.0462419191996257
out: 0.0
in: 0.762402088772846 0.624113475177305 0.08634096244131455 0.06785504694835681 0.09074237089201878 0.044527582159624414 4437 2760 9 3.5913585821787515 1.754078992207845 3.9653077443440754 2.365492026011149
out: 0.0
in: 0.6475195822454308 0.8297872340425532 0.006088615023474179 0.1829518779342723 0.2876320422535211 0.07533744131455399 10737 2404 9 5.2800623893737795 2.1380983988444013 6.117324129740396 2.2159285068511965
out: 0.0
in: 0.4490861618798956 0.5957446808510638 0.0 0.12646713615023475 0.2092136150234742 0.0013204225352112676 4305 2244 6 2.9901092211405436 1.65157839457194 3.49303051630656 1.594645881652832
out: 1.0
in: 0.7467362924281984 0.41134751773049644 0.0 0.0977112676056338 0.07122946009389672 0.126393779342723 23071 13217 10 5.677251259485881 1.3901769320170085 6.194962978363037 1.525976085662842
out: 0.0
in: 0.6553524804177546 0.6028368794326241 0.06770833333333333 0.13703051643192488 0.10071889671361503 0.006235328638497652 4308 3260 4 0.971889607111613 1.0139801025390625 1.5923997243245442 1.01918363571167
out: 0.0
in: 0.5039164490861618 0.8865248226950354 0.18625293427230047 0.3004694835680751 0.009609741784037559 0.0 3923 2698 4 0.9036959568659465 0.6580596605936686 1.5325351397196452 0.6512951056162517
out: 0.0
in: 0.402088772845953 0.6170212765957447 0.0 0.07878521126760564 0.24640551643192488 0.0 3131 1948 6 3.261842664082845 1.6390899340311686 3.634565194447835 1.6073485374450682
out: 1.0
in: 0.7258485639686684 0.45390070921985815 0.0 0.08634096244131455 0.08714788732394366 0.11773767605633803 23357 9284 8 4.424778588612875 1.074676259358724 5.054138310750326 1.28125581741333
out: 0.0
in: 0.6657963446475196 0.6666666666666666 0.062353286384976524 0.13717723004694835 0.1210387323943662 0.008949530516431926 4050 3106 4 1.0353982210159303 0.9364477475484213 1.6376886844635008 1.005654525756836
out: 0.0
in: 0.6501305483028721 0.6453900709219859 0.06088615023474178 0.14847417840375587 0.09881161971830986 0.0 3876 3066 4 0.9073398828506469 0.8578746795654297 1.5132743040720622 0.9015842119852702
out: 0.0
in: 0.6945169712793734 0.5957446808510638 0.04834213615023474 0.1430457746478873 0.10468016431924883 0.020833333333333332 3728 2954 4 1.027589782079061 0.8916975021362304 1.6286956469217935 0.9639665603637696
out: 0.0
in: 0.4177545691906005 0.6099290780141844 0.0 0.07042253521126761 0.2298268779342723 0.0021273474178403755 3740 2066 6 3.315981260935465 1.6942472139994305 3.7787684440612788 1.6225265820821129
out: 1.0
in: 0.660574412532637 0.6453900709219859 0.0069688967136150234 0.3057511737089202 0.17209507042253522 0.023767605633802816 3313 1824 1 0.24830816586812338 0.1470831553141276 0.8818323771158855 0.13719647725423176
out: 0.0
in: 0.39425587467362927 0.9078014184397163 0.0 0.0 0.08656103286384977 0.3128667840375587 3645 2298 5 4.008849461873373 1.056993007659912 4.6845392227172855 0.7437413533528646
out: 0.0
in: 0.608355091383812 0.5886524822695035 0.004548122065727699 0.17906396713615025 0.23510856807511737 0.014304577464788732 2610 1877 1 0.2222800572713216 0.17153965632120768 0.8292555491129557 0.1548884073893229
out: 0.0
in: 0.5613577023498695 0.5035460992907801 0.02699530516431925 0.22256455399061034 0.08296654929577464 0.0 2208 1790 1 0.183237886428833 0.16321404774983725 0.7397188822428385 0.19079265594482422
out: 0.0
in: 0.39947780678851175 0.5531914893617021 0.0 0.06719483568075117 0.23312793427230047 0.01159037558685446 3484 2095 6 3.321707344055176 1.6260812123616537 3.739718723297119 1.6344067573547365
out: 1.0
in: 0.4308093994778068 0.5815602836879432 0.0 0.20437206572769953 0.21845657276995306 0.0 3792 2570 4 2.2462258338928223 1.0946345965067545 2.5215080261230467 1.2815056800842284
out: 0.0
in: 0.7597911227154047 0.375886524822695 0.050029342723004695 0.05963908450704225 0.0892018779342723 0.05582453051643192 14999 10872 7 2.9312857468922933 0.8453775087992349 3.4583549340566 1.0267200469970703
out: 0.0
in: 0.5587467362924282 0.6808510638297872 0.0 0.11700410798122066 0.2574823943661972 0.07570422535211267 11357 2577 11 6.651223182678223 2.885490830739339 7.131061744689941 2.9248374621073405
out: 0.0
in: 0.3968668407310705 0.6666666666666666 0.0 0.08575410798122066 0.2320275821596244 0.0 3212 1965 6 3.2201976776123047 1.6370086034138998 3.657990519205729 1.6463749567667645
out: 1.0
in: 0.597911227154047 0.5035460992907801 0.005501760563380281 0.20261150234741784 0.19468896713615025 0.011003521126760563 2195 1763 1 0.21551275253295898 0.17258036931355794 0.8079125086466471 0.17778387069702148
out: 0.0
in: 0.6631853785900783 0.5106382978723404 0.008142605633802816 0.20723298122065728 0.1843456572769953 0.018852699530516433 1899 1672 1 0.19625194867451987 0.16997861862182617 0.8568453470865885 0.17778387069702148
out: 0.0
in: 0.17493472584856398 0.7588652482269503 0.0 0.09132922535211267 0.07489730046948356 0.0 6035 1520 1 0.47527329126993817 0.25687732696533205 0.5955231348673503 0.2501127560933431
out: 0.0
in: 0.4151436031331593 0.6099290780141844 0.0 0.0769512910798122 0.23078051643192488 0.003447769953051643 3339 2038 6 3.284226926167806 1.6562616030375164 3.707964515686035 1.6984100659688313
out: 1.0
in: 0.6109660574412533 0.9787234042553191 0.013571009389671361 0.1908744131455399 0.2791226525821596 0.060592723004694836 6490 3079 8 4.303487698237101 2.2371415138244632 5.305193138122559 1.9614262104034426
out: 0.0
in: 0.20365535248041775 0.574468085106383 0.0 0.07834507042253522 0.09125586854460094 0.0 6376 1412 1 0.519000498453776 0.2688453992207845 0.6114614486694336 0.22183014551798502
out: 0.0
in: 0.17232375979112272 0.5319148936170213 0.0 0.010710093896713615 0.10988849765258216 0.0 2965 1435 1 0.5179593722025554 0.29330193201700844 0.644976552327474 0.2792524337768555
out: 0.0
in: 0.402088772845953 0.5177304964539007 0.0 0.051276408450704226 0.22102406103286384 0.012030516431924883 3129 2016 6 3.410202916463216 1.7478434562683103 3.7657469431559245 1.7790645281473794
out: 1.0
in: 0.13315926892950392 0.44680851063829785 0.0 0.01694542253521127 0.0854606807511737 0.0 1977 1251 1 0.5169182459513346 0.2501127560933431 0.5882352828979492 0.2173306147257487
out: 0.0
in: 0.12532637075718014 0.5106382978723404 0.0 0.0029342723004694834 0.11018192488262911 0.0 1970 1340 1 0.5200416247049967 0.27821172078450523 0.6137428283691406 0.24438886642456054
out: 0.0
in: 0.4177545691906005 0.5886524822695035 0.0 0.04907570422535211 0.2290199530516432 0.029196009389671363 3235 2011 6 3.511712614695231 1.6063078244527182 3.87983258565267 1.6629436175028485
out: 1.0
in: 0.9007832898172323 0.9574468085106383 0.09052230046948356 0.2619571596244131 0.25858274647887325 0.12962147887323944 6498 5061 2 0.9958354632059734 0.30665472348531086 1.4258198420206707 0.4565159797668457
out: 0.0
in: 0.7728459530026109 0.9574468085106383 0.03572476525821596 0.2737676056338028 0.27838908450704225 0.16072476525821597 8352 6994 2 0.9859448115030924 0.22808162371317545 1.3758458773295086 0.4435071627298991
out: 0.0
in: 0.36553524804177545 0.5602836879432624 0.0 0.04951584507042254 0.22461854460093897 0.0 3489 2001 6 3.2816241264343264 1.7228665987650553 3.706923325856527 1.7473230997721354
out: 1.0
in: 0.7754569190600522 0.9432624113475178 0.03044307511737089 0.22946009389671362 0.2890258215962441 0.14847417840375587 7594 6634 2 1.0281103134155274 0.26398590405782063 1.4096824010213216 0.4843548138936361
out: 0.0
in: 0.8328981723237598 0.9645390070921985 0.035651408450704226 0.222931338028169 0.2652582159624413 0.1837588028169014 7211 6567 2 1.0869338671366373 0.2530584971110026 1.46902650197347 0.5101121584574382
out: 0.0
in: 0.9033942558746736 0.9078014184397163 0.285431338028169 0.2227112676056338 0.1991637323943662 0.16329225352112675 11097 6084 10 3.706402818610271 2.1649803320566816 4.281103463967641 2.6176862398783367
out: 0.0
in: 0.9686684073107049 0.9716312056737588 0.25168720657276994 0.11495011737089202 0.20041079812206572 0.2662852112676056 8777 5833 8 3.868297670409083 1.6897317250569661 4.540864054361979 2.413540744781494
out: 0.0
in: 0.8093994778067886 0.9716312056737588 0.03895246478873239 0.2496332159624413 0.2758949530516432 0.12279929577464789 6601 5719 2 0.9635606129964194 0.22235776583353678 1.4018739700317382 0.4585973421732584
out: 0.0
in: 0.7310704960835509 0.8439716312056738 0.02009976525821596 0.2778755868544601 0.25029342723004694 0.1443661971830986 10449 4142 7 3.84747519493103 1.1867281436920165 4.75325345993042 1.454188839594523
out: 0.0
in: 0.8407310704960835 0.8936170212765957 0.12155223004694836 0.32563086854460094 0.1325557511737089 0.08832159624413145 8636 4795 6 2.4580946922302247 0.6499017079671224 3.303487714131673 0.942339293162028
out: 0.0
in: 0.5274151436031331 0.5957446808510638 0.03455105633802817 0.11128227699530517 0.03697183098591549 0.0 1567 903 1 0.21395106315612794 0.2173306147257487 0.7173346837361654 0.23138008117675782
out: 0.0
in: 0.6919060052219321 0.950354609929078 0.11245598591549295 0.29731514084507044 0.18302523474178403 0.02164025821596244 8132 4883 7 3.0442477226257325 0.7668044567108154 3.829255517323812 1.0784950256347656
out: 0.0
in: 0.4360313315926893 0.524822695035461 0.0 0.08340669014084508 0.23708920187793428 0.006675469483568075 3876 2161 6 3.1114002227783204 1.7228665351867676 3.6691124598185216 1.6990726788838706
out: 1.0
in: 0.7859007832898173 0.900709219858156 0.13416960093896713 0.2946742957746479 0.14524647887323944 0.05897887323943662 8183 4535 7 3.2660072644551597 0.7891795635223389 4.007808335622152 1.0790153980255128
out: 0.0
in: 0.7989556135770235 0.9645390070921985 0.15698356807511737 0.3627494131455399 0.17965082159624413 0.05905223004694836 8070 4394 7 3.5923997004826864 1.095146338144938 4.532015482584636 1.3349220275878908
out: 0.0
in: 0.412532637075718 0.6453900709219859 0.0 0.095143779342723 0.21852992957746478 0.0 3548 2175 5 2.561686579386393 1.363480027516683 2.909942722320557 1.345788033803304
out: 1.0
in: 0.39947780678851175 0.5460992907801419 0.0 0.07291666666666667 0.21581572769953053 0.008289319248826291 3504 1872 5 2.6959915796915688 1.3723260243733724 2.9770951588948567 1.41551513671875
out: 1.0
in: 0.8903394255874674 0.8794326241134752 0.10827464788732394 0.2323943661971831 0.19116784037558684 0.10658744131455399 10335 5941 10 5.05205602645874 1.6035210291544595 5.528370507558187 2.3351352373758947
out: 0.0
in: 0.9321148825065274 0.9361702127659575 0.14150528169014084 0.23246772300469484 0.1954225352112676 0.10145246478873239 8512 5907 9 4.296199735005697 1.481414763132731 4.833350292841593 2.1080969174702964
out: 0.0
in: 0.9425587467362925 0.9078014184397163 0.2167693661971831 0.20026408450704225 0.15639671361502347 0.09367664319248827 8638 5396 10 4.469546989599864 1.6732481638590495 4.924987135330836 2.391176637013753
out: 0.0
in: 0.40992167101827676 0.48226950354609927 0.0 0.078125 0.2062793427230047 0.0 4143 2330 4 1.945340887705485 1.0951549530029296 2.4159291585286455 1.0066951751708983
out: 1.0
in: 0.9530026109660574 0.8156028368794326 0.17172828638497653 0.1758362676056338 0.15500293427230047 0.1184712441314554 8884 5414 11 5.154086216290792 2.0414807319641115 5.664757772286733 2.7736153602600098
out: 0.0
in: 0.42297650130548303 0.5460992907801419 0.0 0.06968896713615023 0.21346830985915494 0.007042253521126761 4127 2240 5 2.5720978101094563 1.4144743919372558 3.0328654925028484 1.3154618581136068
out: 1.0
in: 0.9530026109660574 0.8156028368794326 0.16189847417840375 0.21882335680751175 0.16666666666666666 0.1046068075117371 8666 5809 9 3.903695897509654 1.5474993705749511 4.42061410198609 2.271828778584798
out: 0.0
in: 0.7963446475195822 0.5815602836879432 0.07702464788732394 0.05501760563380282 0.09052230046948356 0.06360035211267606 4718 2849 8 2.9474231719970705 1.5138529459635417 3.4018740018208824 2.0659459114074705
out: 0.0
in: 0.7989556135770235 0.45390070921985815 0.0397593896713615 0.07717136150234742 0.05384389671361502 0.12646713615023475 16641 10863 8 3.7480478127797445 1.0543824831644695 4.3810514609018965 1.2260985056559246
out: 0.0
in: 0.5926892950391645 0.5886524822695035 0.0 0.13952464788732394 0.04144659624413145 0.019439553990610328 1412 763 1 0.2738157272338867 0.22097304662068684 0.8584070841471354 0.1611326217651367
out: 0.0
in: 0.4464751958224543 0.6170212765957447 0.0 0.10981514084507042 0.23224765258215962 0.00528169014084507 3885 2297 5 2.4711087226867674 1.3202908198038736 2.9796979268391928 1.2987684249877929
out: 1.0
in: 0.7075718015665796 0.8014184397163121 0.03506455399061033 0.1311619718309859 0.04328051643192488 0.027142018779342723 2306 1114 3 1.8443518956502278 0.22894598642985028 2.4466423670450848 0.21801862716674805
out: 0.0
in: 0.4308093994778068 0.6170212765957447 0.0 0.09602406103286384 0.19336854460093897 0.0 4339 1976 8 4.23685572942098 2.254833475748698 4.548672421773275 2.3021855036417644
out: 1.0
in: 0.7075718015665796 0.75177304964539 0.03704518779342723 0.13703051643192488 0.044747652582159625 0.02626173708920188 1516 931 1 0.2071837584177653 0.30162754058837893 0.9005725860595704 0.20900497436523438
out: 0.0
in: 0.6501305483028721 0.7446808510638298 0.04892899061032864 0.13556338028169015 0.042693661971830985 0.012470657276995305 1570 815 1 0.21499218940734863 0.24334818522135418 0.8230088551839193 0.27248786290486654
out: 0.0
in: 0.42036553524804177 0.6879432624113475 0.0 0.1253667840375587 0.18639964788732394 0.0 4568 1959 7 3.7246224721272787 1.7903359095255535 4.039284833272299 1.9550319989522296
out: 1.0
in: 0.7571801566579635 0.6028368794326241 0.08531396713615023 0.07687793427230047 0.08428697183098592 0.03961267605633803 5173 3024 10 3.635085741678874 1.8309146245320638 4.085102621714275 2.413470363616943
out: 0.0
in: 0.9216710182767625 0.8723404255319149 0.12551349765258216 0.2391431924882629 0.20004401408450703 0.298268779342723 15538 6173 8 4.7777198870976765 1.4659806092580159 5.470067628224691 1.8656105995178223
out: 0.0
in: 0.9451697127937336 0.9929078014184397 0.23921654929577466 0.20429870892018778 0.22263791079812206 0.203125 10610 6269 10 3.9198333067198594 2.356990067164103 4.530613865579168 2.885650157928467
out: 0.0
in: 0.391644908616188 0.5673758865248227 0.0 0.09096244131455399 0.2167693661971831 2.2007042253521127E-4 4938 2174 8 4.601769828796387 2.121103191375732 5.000943279266357 2.2062012990315756
out: 1.0
in: 0.3681462140992167 0.5460992907801419 0.0 0.12624706572769953 0.19454225352112675 0.0 3798 2594 5 2.3451327006022136 1.3509915669759112 2.7386776924133303 1.2396363258361816
out: 0.0
in: 0.4386422976501306 0.6382978723404256 0.0 0.0925762910798122 0.2319542253521127 0.007409037558685446 4287 2196 7 3.9255595207214355 1.8538188616434732 4.378951295216878 1.845216941833496
out: 1.0
in: 0.3733681462140992 0.5602836879432624 0.0 0.07570422535211267 0.2183832159624413 0.0 3136 2355 3 1.3701196988423665 0.7987309137980143 1.875065040588379 0.6041194597880046
out: 0.0
in: 0.43342036553524804 0.6099290780141844 0.0 0.12588028169014084 0.13394953051643194 0.0 3465 1382 6 3.5700154304504395 1.4002486228942872 3.1436750729878744 1.9320479075113934
out: 0.0
in: 0.9268929503916449 0.851063829787234 0.2248386150234742 0.2064994131455399 0.1627787558685446 0.1508949530516432 8675 6133 11 4.445080608626206 2.4915848096211755 4.924518346786499 2.7548826217651365
out: 0.0
in: 0.4621409921671018 0.5957446808510638 0.0 0.10834800469483569 0.19791666666666666 0.00858274647887324 4929 2080 8 4.222800572713217 2.217368221282959 4.784487088521322 2.194993050893148
out: 1.0
in: 0.5091383812010444 0.624113475177305 0.0 0.1602112676056338 0.16960093896713616 0.012910798122065728 4730 1909 6 3.223841635386149 1.40805393854777 3.580690066019694 1.67157080968221
out: 0.0
in: 0.7284595300261096 0.7730496453900709 0.08171948356807512 0.08758802816901408 0.11113556338028169 0.05685152582159624 6255 3207 9 3.917230574289958 1.8300503094991047 4.239665587743123 2.4779882748921715
out: 0.0
in: 0.7597911227154047 0.7163120567375887 0.09932511737089202 0.04379401408450704 0.08604753521126761 0.03653169014084507 5317 2680 9 3.7095262010892234 1.6219096501668295 4.0796459197998045 2.1885725021362306
out: 0.0
in: 0.783289817232376 0.425531914893617 0.06147300469483568 0.05421068075117371 0.0846537558685446 0.058171948356807515 15571 10313 8 3.6819364309310916 0.9945420900980632 4.269651063283284 1.1402405420939128
out: 0.0
in: 0.8302872062663186 0.7872340425531915 0.07254988262910798 0.21742957746478872 0.12177230046948356 0.12448650234741784 7760 3680 10 5.387298154830933 2.569293530782064 6.006075731913249 2.86065559387207
out: 0.0