in: 0.3681462140992167 0.5460992907801419 0.0 0.12624706572769953 0.19454225352112675 0.0 3798 2594 5 2.3451327006022136 1.3509915669759112 2.7386776924133303 1.2396363258361816
out: 0.0
in: 0.3733681462140992 0.5602836879432624 0.0 0.07570422535211267 0.2183832159624413 0.0 3136 2355 3 1.3701196988423665 0.7987309137980143 1.875065040588379 0.6041194597880046
out: 0.0
in: 0.5091383812010444 0.624113475177305 0.0 0.1602112676056338 0.16960093896713616 0.012910798122065728 4730 1909 6 3.223841635386149 1.40805393854777 3.580690066019694 1.67157080968221
out: 0.0
in: 0.43342036553524804 0.6099290780141844 0.0 0.12588028169014084 0.13394953051643194 0.0 3465 1382 6 3.5700154304504395 1.4002486228942872 3.1436750729878744 1.9320479075113934
out: 0.0
in: 0.5039164490861618 0.8865248226950354 0.18625293427230047 0.3004694835680751 0.009609741784037559 0.0 3923 2698 4 0.9036959568659465 0.6580596605936686 1.5325351397196452 0.6512951056162517
out: 0.0
in: 0.39425587467362927 0.9078014184397163 0.0 0.0 0.08656103286384977 0.3128667840375587 3645 2298 5 4.008849461873373 1.056993007659912 4.6845392227172855 0.7437413533528646
out: 0.0
in: 0.6475195822454308 0.8297872340425532 0.006088615023474179 0.1829518779342723 0.2876320422535211 0.07533744131455399 10737 2404 9 5.2800623893737795 2.1380983988444013 6.117324129740396 2.2159285068511965
out: 0.0
in: 0.5587467362924282 0.6808510638297872 0.0 0.11700410798122066 0.2574823943661972 0.07570422535211267 11357 2577 11 6.651223182678223 2.885490830739339 7.131061744689941 2.9248374621073405
out: 0.0
in: 0.4308093994778068 0.5815602836879432 0.0 0.20437206572769953 0.21845657276995306 0.0 3792 2570 4 2.2462258338928223 1.0946345965067545 2.5215080261230467 1.2815056800842284
out: 0.0
in: 0.6109660574412533 0.9787234042553191 0.013571009389671361 0.1908744131455399 0.2791226525821596 0.060592723004694836 6490 3079 8 4.303487698237101 2.2371415138244632 5.305193138122559 1.9614262104034426
out: 0.0
