in: 0.4490861618798956 0.5957446808510638 0.0 0.12646713615023475 0.2092136150234742 0.0013204225352112676 4305 2244 6 2.9901092211405436 1.65157839457194 3.49303051630656 1.594645881652832
out: 1.0
in: 0.402088772845953 0.6170212765957447 0.0 0.07878521126760564 0.24640551643192488 0.0 3131 1948 6 3.261842664082845 1.6390899340311686 3.634565194447835 1.6073485374450682
out: 1.0
in: 0.4177545691906005 0.6099290780141844 0.0 0.07042253521126761 0.2298268779342723 0.0021273474178403755 3740 2066 6 3.315981260935465 1.6942472139994305 3.7787684440612788 1.6225265820821129
out: 1.0
in: 0.39947780678851175 0.5531914893617021 0.0 0.06719483568075117 0.23312793427230047 0.01159037558685446 3484 2095 6 3.321707344055176 1.6260812123616537 3.739718723297119 1.6344067573547365
out: 1.0
in: 0.3968668407310705 0.6666666666666666 0.0 0.08575410798122066 0.2320275821596244 0.0 3212 1965 6 3.2201976776123047 1.6370086034138998 3.657990519205729 1.6463749567667645
out: 1.0
in: 0.4151436031331593 0.6099290780141844 0.0 0.0769512910798122 0.23078051643192488 0.003447769953051643 3339 2038 6 3.284226926167806 1.6562616030375164 3.707964515686035 1.6984100659688313
out: 1.0
in: 0.402088772845953 0.5177304964539007 0.0 0.051276408450704226 0.22102406103286384 0.012030516431924883 3129 2016 6 3.410202916463216 1.7478434562683103 3.7657469431559245 1.7790645281473794
out: 1.0
in: 0.4177545691906005 0.5886524822695035 0.0 0.04907570422535211 0.2290199530516432 0.029196009389671363 3235 2011 6 3.511712614695231 1.6063078244527182 3.87983258565267 1.6629436175028485
out: 1.0
in: 0.36553524804177545 0.5602836879432624 0.0 0.04951584507042254 0.22461854460093897 0.0 3489 2001 6 3.2816241264343264 1.7228665987650553 3.706923325856527 1.7473230997721354
out: 1.0
in: 0.4360313315926893 0.524822695035461 0.0 0.08340669014084508 0.23708920187793428 0.006675469483568075 3876 2161 6 3.1114002227783204 1.7228665351867676 3.6691124598185216 1.6990726788838706
out: 1.0
