in: 0.412532637075718 0.6453900709219859 0.0 0.095143779342723 0.21852992957746478 0.0 3548 2175 5 2.561686579386393 1.363480027516683 2.909942722320557 1.345788033803304
out: 1.0
in: 0.39947780678851175 0.5460992907801419 0.0 0.07291666666666667 0.21581572769953053 0.008289319248826291 3504 1872 5 2.6959915796915688 1.3723260243733724 2.9770951588948567 1.41551513671875
out: 1.0
in: 0.40992167101827676 0.48226950354609927 0.0 0.078125 0.2062793427230047 0.0 4143 2330 4 1.945340887705485 1.0951549530029296 2.4159291585286455 1.0066951751708983
out: 1.0
in: 0.42297650130548303 0.5460992907801419 0.0 0.06968896713615023 0.21346830985915494 0.007042253521126761 4127 2240 5 2.5720978101094563 1.4144743919372558 3.0328654925028484 1.3154618581136068
out: 1.0
in: 0.4464751958224543 0.6170212765957447 0.0 0.10981514084507042 0.23224765258215962 0.00528169014084507 3885 2297 5 2.4711087226867674 1.3202908198038736 2.9796979268391928 1.2987684249877929
out: 1.0
in: 0.4308093994778068 0.6170212765957447 0.0 0.09602406103286384 0.19336854460093897 0.0 4339 1976 8 4.23685572942098 2.254833475748698 4.548672421773275 2.3021855036417644
out: 1.0
in: 0.42036553524804177 0.6879432624113475 0.0 0.1253667840375587 0.18639964788732394 0.0 4568 1959 7 3.7246224721272787 1.7903359095255535 4.039284833272299 1.9550319989522296
out: 1.0
in: 0.391644908616188 0.5673758865248227 0.0 0.09096244131455399 0.2167693661971831 2.2007042253521127E-4 4938 2174 8 4.601769828796387 2.121103191375732 5.000943279266357 2.2062012990315756
out: 1.0
in: 0.4386422976501306 0.6382978723404256 0.0 0.0925762910798122 0.2319542253521127 0.007409037558685446 4287 2196 7 3.9255595207214355 1.8538188616434732 4.378951295216878 1.845216941833496
out: 1.0
in: 0.4621409921671018 0.5957446808510638 0.0 0.10834800469483569 0.19791666666666666 0.00858274647887324 4929 2080 8 4.222800572713217 2.217368221282959 4.784487088521322 2.194993050893148
out: 1.0
