in: 0.6945169712793734 0.9432624113475178 0.03902582159624413 0.20958039906103287 0.2657717136150235 0.060372652582159625 3127 2021 6 2.843310705820719 1.2483059565226238 3.3243101437886557 1.3742310523986816
out: 1.0
in: 0.7310704960835509 0.8723404255319149 0.045554577464788734 0.21669600938967137 0.2727406103286385 0.11781103286384977 3132 2081 6 2.9833419799804686 1.177017831802368 3.702238368988037 1.305024305979411
out: 1.0
in: 0.793733681462141 0.9290780141843972 0.03609154929577465 0.18419894366197184 0.2905663145539906 0.139231220657277 3066 2065 6 3.3128578503926596 1.0516131083170572 3.900051975250244 1.306065018971761
out: 1.0
in: 0.804177545691906 0.8014184397163121 0.033377347417840375 0.17260856807511737 0.3089788732394366 0.15669014084507044 3214 2101 6 3.3118166605631507 1.116657034556071 3.9895887056986488 1.2982597668965656
out: 1.0
in: 0.6945169712793734 0.8439716312056738 0.0 0.1295481220657277 0.3069982394366197 0.1857394366197183 3091 2104 6 3.648620446523031 1.0922005335489908 4.286829725901286 1.2571519215901694
out: 1.0
in: 0.7362924281984334 0.8439716312056738 0.0338174882629108 0.19329518779342722 0.2763350938967136 0.12059859154929578 3232 2136 6 3.394586022694906 1.1624479929606117 4.034877618153891 1.2842102209726969
out: 1.0
in: 0.6788511749347258 0.9858156028368794 0.024794600938967137 0.2056924882629108 0.36480340375586856 0.12404636150234742 3860 2243 6 3.437792714436849 1.155163033803304 3.649661572774251 1.379434553782145
out: 1.0
in: 0.6657963446475196 0.9858156028368794 0.0247212441314554 0.20914025821596244 0.284037558685446 0.08876173708920188 3294 2071 6 3.176470470428467 1.2248902002970379 3.6145885467529295 1.4339717070261637
out: 1.0
in: 0.7493472584856397 0.9432624113475178 0.030589788732394367 0.137837441314554 0.30531103286384975 0.13996478873239437 3377 2127 6 3.357105541229248 1.0833545684814454 4.0421654383341465 1.2826491832733156
out: 1.0
in: 0.6919060052219321 0.7588652482269503 0.027655516431924883 0.1758362676056338 0.27303403755868544 0.08436032863849766 3315 2168 6 3.203019126256307 1.3700682322184246 3.8495574315388996 1.4897491137186685
out: 1.0
in: 0.6710182767624021 0.7730496453900709 0.04328051643192488 0.20906690140845072 0.2774354460093897 0.06103286384976526 3319 2053 6 3.0640290896097824 1.3502949078877768 3.672566286722819 1.4533244768778482
out: 1.0
in: 0.6501305483028721 0.8723404255319149 0.015038145539906103 0.14722711267605634 0.3174882629107981 0.08259976525821597 3266 2162 6 3.309734439849853 1.3164719899495443 3.875585492451986 1.444478480021159
out: 1.0
in: 0.6553524804177546 0.7943262411347518 0.027288732394366196 0.1977699530516432 0.23606220657276994 0.07372359154929578 3060 2145 6 2.9557520866394045 1.4132574399312336 3.498177909851074 1.5100427945454917
out: 1.0
in: 0.7362924281984334 0.900709219858156 0.030369718309859156 0.16725352112676056 0.30846537558685444 0.10710093896713616 3895 2165 5 2.690265401204427 1.1407695770263673 3.389901034037272 1.1423305829366048
out: 1.0
in: 0.6866840731070496 0.7730496453900709 0.004107981220657277 0.1637323943661972 0.2687793427230047 0.10688086854460094 3415 2233 6 3.496095720926921 1.2836898803710937 3.9484642028808596 1.560516897837321
out: 1.0
in: 0.608355091383812 0.6099290780141844 0.0 0.13901115023474178 0.2595363849765258 0.08340669014084508 3248 2090 6 3.596564229329427 1.4694553375244142 4.060385131835938 1.6536597887674969
out: 1.0
in: 0.5953002610966057 0.8297872340425532 0.018559272300469484 0.1950557511737089 0.272593896713615 0.03953931924882629 3259 2077 6 3.2399791399637863 1.4018096923828127 3.683117421468099 1.5514162063598633
out: 1.0
in: 0.6762402088772846 0.8085106382978723 0.01511150234741784 0.17341549295774647 0.2972417840375587 0.10988849765258216 3190 2123 6 3.3872982025146485 1.23477684656779 3.9593960444132485 1.3497745354970299
out: 1.0
in: 0.6945169712793734 0.7446808510638298 0.03616490610328638 0.19821009389671362 0.309712441314554 0.0889818075117371 3125 2093 6 3.3086932500203448 1.2675589879353841 3.9604170163472494 1.3085047403971353
out: 1.0
in: 0.7754569190600522 0.9078014184397163 0.017752347417840375 0.14223884976525822 0.31338028169014087 0.1340962441314554 3837 2074 6 3.5538780848185225 1.2420617421468099 4.2181154886881504 1.3976468563079834
out: 1.0
