topology: 13 10 5 1
in: 0.639686684073107 0.5602836879432624 0.04041960093896713 0.1201584507042254 0.07907863849765258 0.002200704225352113 0.1184780132148553 0.1654087040308335 0.3 0.1225754551486021 0.332341357101727 0.154987322777017 0.3260984634982668
out: 0
in: 0.762402088772846 0.624113475177305 0.08634096244131455 0.06785504694835681 0.09074237089201878 0.04452758215962441 0.137844611528822 0.1603500883250361 0.8 0.5269215280569972 0.5868358649864608 0.5161488664214383 0.7993481086210729
out: 0
in: 0.6475195822454308 0.8297872340425532 0.006088615023474179 0.1829518779342723 0.2876320422535211 0.07533744131455399 0.4249259512417407 0.1317648948129115 0.8 0.7880080534351953 0.7270704290664519 0.8450612100336992 0.7456957480866213
out: 0
in: 0.4490861618798956 0.5957446808510638 0 0.1264671361502347 0.2092136150234742 0.001320422535211268 0.1318295739348371 0.1189176168299342 0.5 0.4339637779231408 0.5494051352394779 0.4439664188514985 0.5228253610553795
out: 1
in: 0.7467362924281984 0.4113475177304964 0 0.0977112676056338 0.07122946009389672 0.126393779342723 0.9869674185463659 1 0.9 0.8494164908264213 0.4539476674194821 0.8569274652486322 0.4981917025738485
out: 0
in: 0.6553524804177546 0.6028368794326241 0.06770833333333333 0.1370305164319249 0.100718896713615 0.006235328638497652 0.1319662793347004 0.2004978320218404 0.3 0.1219315883633962 0.3165697186012765 0.1534756343134872 0.3163919469005487
out: 0
in: 0.5039164490861618 0.8865248226950354 0.1862529342723005 0.3004694835680751 0.009609741784037559 0 0.1144224196855776 0.1553717681066324 0.3 0.1113883284266103 0.1865962142397947 0.144325982407772 0.1844206736647293
out: 0
in: 0.402088772845953 0.6170212765957447 0 0.07878521126760564 0.2464055164319249 0 0.07833219412166781 0.09515015256142605 0.5 0.4759758466734937 0.5448446526448503 0.4655984579966282 0.5273821371471564
out: 1
in: 0.7258485639686684 0.4539007092198581 0 0.08634096244131455 0.08714788732394366 0.117737676056338 1 0.6841978480809379 0.7 0.655774635827264 0.3387344814904387 0.682564798857469 0.410404118168532
out: 0
in: 0.6657963446475196 0.6666666666666666 0.06235328638497652 0.1371772300469483 0.1210387323943662 0.008949530516431926 0.1202096149464571 0.1881323269632247 0.3 0.1317505058462706 0.2882567848893148 0.1603975602431186 0.3115387000052901
out: 0
in: 0.6501305483028721 0.6453900709219859 0.06088615023474178 0.1484741784037559 0.09881161971830986 0 0.112280701754386 0.1849205074674803 0.3 0.1119517072559984 0.2595638080589782 0.1413821727621914 0.2742059464918208
out: 0
in: 0.6945169712793734 0.5957446808510638 0.04834213615023474 0.1430457746478873 0.1046801643192488 0.02083333333333333 0.1055365686944634 0.1759274128793962 0.3 0.1305432614603878 0.271915081711302 0.1590230720774576 0.296584132462489
out: 0
in: 0.4177545691906005 0.6099290780141844 0 0.07042253521126761 0.2298268779342723 0.002127347417840375 0.1060833902939166 0.1046250200738719 0.5 0.4843460878495233 0.564986752180741 0.487638359322996 0.532826900199327
out: 1
in: 0.660574412532637 0.6453900709219859 0.006968896713615023 0.3057511737089202 0.1720950704225352 0.02376760563380282 0.08662565504670768 0.08519351212461859 0 0.01006036291965952 0 0.04487312875138125 0
out: 0
in: 0.3942558746736293 0.9078014184397163 0 0 0.08656103286384977 0.3128667840375587 0.1017543859649123 0.123253573149189 0.4 0.5914688114184349 0.3322769872840415 0.6260755903798515 0.2175835695465619
out: 0
in: 0.6083550913838121 0.5886524822695035 0.004548122065727699 0.1790639671361502 0.2351085680751174 0.01430457746478873 0.05459102301207564 0.08944917295647985 0 0.006036218243280191 0.008930920412820764 0.03683733133111318 0.006346559772661474
out: 0
in: 0.5613577023498695 0.5035460992907801 0.02699530516431925 0.2225645539906103 0.08296654929577464 0 0.03627249943039416 0.0824634655532359 0 0 0.005890610291692557 0.0231526237520596 0.01922635625671024
out: 0
in: 0.3994778067885117 0.5531914893617021 0 0.06719483568075117 0.2331279342723005 0.01159037558685446 0.09441786283891547 0.1069535892082865 0.5 0.4852313840982688 0.5400941833169058 0.4816700334026621 0.5370886309376737
out: 1
in: 0.4308093994778068 0.5815602836879432 0 0.2043720657276995 0.2184565727699531 0 0.1084529505582137 0.1450939457202505 0.3 0.3189537163388823 0.3460227816683628 0.2954797524456427 0.4104937504677613
out: 0
in: 0.7597911227154047 0.375886524822695 0.0500293427230047 0.05963908450704225 0.0892018779342723 0.05582453051643192 0.6191387559808612 0.8117070820619882 0.6 0.4248692188674237 0.2550001447014927 0.4386666325202463 0.3190954554679539
out: 0
in: 0.5587467362924282 0.6808510638297872 0 0.1170041079812207 0.2574823943661972 0.07570422535211267 0.4531784005468216 0.1456560141320058 1 1 1 1 1
out: 0
in: 0.3968668407310705 0.6666666666666666 0 0.08575410798122066 0.2320275821596244 0 0.08202323991797676 0.0965151758471174 0.5 0.469537213225349 0.5440846012339712 0.4691787645957242 0.5413819382455581
out: 1
in: 0.597911227154047 0.5035460992907801 0.005501760563380281 0.2026115023474178 0.1946889671361502 0.01100352112676056 0.03568010936431989 0.08029548739360848 0 0.004989941168054493 0.009310963531195628 0.03357527928205684 0.01455976349297663
out: 0
in: 0.6631853785900783 0.5106382978723404 0.008142605633802816 0.2072329812206573 0.1843456572769953 0.01885269953051643 0.02219184324447483 0.07298859804079011 0 0.002012073566900864 0.008360867343882035 0.04105413245441186 0.01455976349297663
out: 0
in: 0.174934725848564 0.7588652482269503 0 0.09132922535211267 0.07489730046948356 0 0.210663021189337 0.06078368395696162 0 0.04515090734829725 0.04009416590397043 0.001113869061323847 0.04050603339979998
out: 0
in: 0.4151436031331593 0.6099290780141844 0 0.0769512910798122 0.2307805164319249 0.003447769953051643 0.08781043517885623 0.1023767464268508 0.5 0.479436624807597 0.5511153292721648 0.4768167474724118 0.560048297896892
out: 1
in: 0.6109660574412533 0.9787234042553191 0.01357100938967136 0.1908744131455399 0.2791226525821596 0.06059272300469484 0.2313966735019367 0.1859643488035972 0.7 0.6370221364290191 0.7632385700882897 0.7209358039327699 0.6543990933772759
out: 0
in: 0.2036553524804177 0.574468085106383 0 0.07834507042253522 0.09125586854460094 0 0.2262018683071315 0.0521117713184519 0 0.05191146804548902 0.04446461533078708 0.003549867309964242 0.03036031853585799
out: 0
in: 0.1723237597911227 0.5319148936170213 0 0.01071009389671362 0.1098884976525822 0 0.07076782866256551 0.0539585675285049 0 0.05175050196354317 0.05339554735223142 0.00867228708584517 0.05095920073441924
out: 0
in: 0.402088772845953 0.5177304964539007 0 0.05127640845070423 0.2210240610328638 0.01203051643192488 0.07824105718842561 0.1006102457041914 0.5 0.498913476489443 0.5845587986476928 0.4856481642625897 0.5889811707513203
out: 1
in: 0.1331592689295039 0.4468085106382979 0 0.01694542253521127 0.0854606807511737 0 0.02574618364092048 0.03918419784808094 0 0.0515895358815973 0.03762390885178095 0 0.02874621872290326
out: 0
in: 0.1253263707571801 0.5106382978723404 0 0.002934272300469483 0.1101819248826291 0 0.02542720437457279 0.04633049622611209 0 0.05207243412743488 0.04788496857029018 0.003898551431884564 0.03845272391702088
out: 0
in: 0.4177545691906005 0.5886524822695035 0 0.04907570422535211 0.2290199530516432 0.02919600938967136 0.08307131465026202 0.1002087682672234 0.5 0.5146076522772076 0.5328734221109013 0.5030849162783995 0.5473255517977018
out: 1
in: 0.9007832898172323 0.9574468085106383 0.09052230046948356 0.2619571596244131 0.2585827464788732 0.1296214788732394 0.2317612212349054 0.3451100048177292 0.1 0.1256338008758838 0.05827166261736594 0.1280157075866136 0.1145482880498832
out: 0
in: 0.7728459530026109 0.9574468085106383 0.03572476525821596 0.2737676056338028 0.2783890845070423 0.160724765258216 0.3162451583504215 0.5003211819495744 0.1 0.1241046304696653 0.02957867417840576 0.1203777295685516 0.1098816838825492
out: 0
in: 0.3655352480417755 0.5602836879432624 0 0.04951584507042254 0.224618544600939 0 0.09464570517202096 0.0994058133932873 0.5 0.4790342120601548 0.5754378566756847 0.4766576129094537 0.5775946871446744
out: 1
in: 0.7754569190600522 0.9432624113475178 0.03044307511737089 0.2294600938967136 0.2890258215962441 0.1484741784037559 0.2817042606516291 0.4714148064878754 0.1 0.1306237395865159 0.0426900456761029 0.125549274907467 0.1245348086520895
out: 0
in: 0.8328981723237598 0.9645390070921985 0.03565140845070423 0.222931338028169 0.2652582159624413 0.1837588028169014 0.2642515379357485 0.4660350088325036 0.1 0.1397183109293451 0.03869962195472574 0.1346193765368926 0.1337746443065934
out: 0
in: 0.9033942558746736 0.9078014184397163 0.285431338028169 0.2227112676056338 0.1991637323943662 0.1632922535211268 0.4413305992253361 0.4272522884213907 0.9 0.5447082469752097 0.7368870584359655 0.5644148140921753 0.8898167935189872
out: 0
in: 0.9686684073107049 0.9716312056737588 0.2516872065727699 0.114950117370892 0.2004107981220657 0.2662852112676056 0.3356117566643882 0.407098121085595 0.7 0.5697384293865226 0.5633378052459997 0.604116400541282 0.8165844453772843
out: 0
in: 0.8093994778067886 0.9716312056737588 0.03895246478873239 0.2496332159624413 0.2758949530516432 0.1227992957746479 0.2364547732968786 0.3979444355227236 0.1 0.1206438621652517 0.02748846024459115 0.1243558409939768 0.115294927383184
out: 0
in: 0.7310704960835509 0.8439716312056738 0.02009976525821596 0.2778755868544601 0.2502934272300469 0.1443661971830986 0.4118022328548644 0.2713184519030031 0.6 0.5665191154078518 0.379653109253156 0.6365778156206406 0.4724397329126255
out: 0
in: 0.8407310704960835 0.8936170212765957 0.1215522300469484 0.3256308685446009 0.1325557511737089 0.08832159624413145 0.3291866028708134 0.3237514051710294 0.5 0.3517102624089946 0.1836171279993651 0.4149968590929207 0.2888258639769648
out: 0
in: 0.5274151436031331 0.5957446808510638 0.03455105633802817 0.1112822769953052 0.03697183098591549 0 0.007063112326270221 0.01124136823510519 0 0.004748492045135704 0.0256526667092084 0.01973144199867064 0.03378613115328728
out: 0
in: 0.6919060052219321 0.9503546099290781 0.112455985915493 0.2973151408450704 0.183025234741784 0.02164025821596244 0.3062200956937799 0.3308174080616669 0.6 0.442334004354636 0.226307173675468 0.495354760416218 0.3376684994571258
out: 0
in: 0.4360313315926893 0.524822695035461 0 0.08340669014084508 0.2370892018779343 0.006675469483568075 0.112280701754386 0.1122530913762647 0.5 0.4527162945233424 0.5754378334584376 0.4708786324858083 0.5602859945438562
out: 1
in: 0.7859007832898173 0.900709219858156 0.1341696009389671 0.2946742957746479 0.1452464788732394 0.05897887323943662 0.3085440874914559 0.3028745784486912 0.6 0.4766197257458116 0.2344780194601626 0.52264462043941 0.3378551706940515
out: 0
in: 0.7989556135770235 0.9645390070921985 0.1569835680751174 0.3627494131455399 0.1796508215962441 0.05905223004694836 0.3033948507632718 0.2915529147261924 0.6 0.5270824929102319 0.3462096572905632 0.6027639923994773 0.4296555965569475
out: 0
in: 0.412532637075718 0.6453900709219859 0 0.095143779342723 0.2185299295774648 0 0.09733424470266576 0.1133772281997752 0.4 0.3677263605309613 0.4441986060434471 0.354847779164041 0.4335535182313863
out: 1
in: 0.3994778067885117 0.5460992907801419 0 0.07291666666666667 0.2158157276995305 0.008289319248826291 0.09532923217133743 0.0890476955195118 0.4 0.3884909408683742 0.4474289493323864 0.36511130013108 0.4585664604625826
out: 1
in: 0.8903394255874674 0.8794326241134752 0.1082746478873239 0.2323943661971831 0.1911678403755868 0.106587441314554 0.4066074276600593 0.4157700337241047 0.9 0.7527565257226549 0.5318557521257973 0.7550460421820819 0.7884583316375228
out: 0
in: 0.9321148825065274 0.9361702127659575 0.1415052816901408 0.2324677230046948 0.1954225352112676 0.1014524647887324 0.3235361130097972 0.413039987152722 0.8 0.6358953615682862 0.4872655082707554 0.6488197470517909 0.7070137262743389
out: 0
in: 0.9425587467362925 0.9078014184397163 0.2167693661971831 0.2002640845070423 0.1563967136150235 0.09367664319248827 0.3292777398040556 0.3720089930945881 0.9 0.6626961730504468 0.5573184088844418 0.662825443676082 0.8085618528378367
out: 0
in: 0.4099216710182768 0.4822695035460993 0 0.078125 0.2062793427230047 0 0.1244474823422192 0.1258230287457845 0.3 0.27243460220889 0.3462128032275503 0.2793431686296194 0.3119120082683401
out: 1
in: 0.9530026109660574 0.8156028368794326 0.1717282863849765 0.1758362676056338 0.1550029342723005 0.1184712441314554 0.3404875825928457 0.373454311867673 1 0.7685311734929917 0.6917880028056187 0.7758913550640609 0.9457526623159118
out: 0
in: 0.422976501305483 0.5460992907801419 0 0.06968896713615023 0.2134683098591549 0.007042253521126761 0.1237183868762816 0.1185964348803597 0.4 0.3693360164355752 0.4628205098885912 0.373635190216454 0.4226747229150321
out: 1
in: 0.9530026109660574 0.8156028368794326 0.1618984741784038 0.2188233568075117 0.1666666666666667 0.1046068075117371 0.3305536568694463 0.4051710293881484 0.8 0.5752112660550132 0.5113980025064644 0.5857375006761993 0.765748643002911
out: 0
in: 0.7963446475195822 0.5815602836879432 0.07702464788732394 0.05501760563380282 0.09052230046948356 0.06360035211267606 0.1506493506493506 0.1674963867030673 0.7 0.4273641882227397 0.4991111451063204 0.4300341351484227 0.6918930538879531
out: 0
in: 0.7989556135770235 0.4539007092198581 0.0397593896713615 0.07717136150234742 0.05384389671361502 0.1264671361502347 0.6939621781727044 0.8109844226754457 0.7 0.5511468816136685 0.3313236871166231 0.5796907804528788 0.3906177424992447
out: 0
in: 0.5926892950391645 0.5886524822695035 0 0.1395246478873239 0.04144659624413145 0.01943955399061033 0 0 0 0.01400402701248831 0.02698279440627329 0.04129282701091078 0.008586523386965568
out: 0
in: 0.4464751958224543 0.6170212765957447 0 0.1098151408450704 0.2322476525821596 0.00528169014084507 0.1126908179539759 0.1231732776617954 0.4 0.3537223310610506 0.4284269559343731 0.3655091049574093 0.4166863502312758
out: 1
in: 0.7075718015665796 0.8014184397163121 0.03506455399061033 0.1311619718309859 0.04328051643192488 0.02714201877934272 0.04073820915926179 0.02818371607515658 0.2 0.2568209315788998 0.02989431845753619 0.2840373491486649 0.02899302684659557
out: 0
in: 0.4308093994778068 0.6170212765957447 0 0.09602406103286384 0.193368544600939 0 0.1333789017999544 0.09739842620844709 0.7 0.6267203243864409 0.7696992450575444 0.6053098247375212 0.7766383971792602
out: 1
in: 0.7075718015665796 0.75177304964539 0.03704518779342723 0.1370305164319249 0.04474765258215962 0.02626173708920188 0.004739120528594213 0.01348964188212622 0 0.003702214969910003 0.05643585747335964 0.04773736625685716 0.02575959296809753
out: 0
in: 0.6501305483028721 0.7446808510638298 0.04892899061032864 0.1355633802816902 0.04269366197183098 0.0124706572769953 0.007199817726133516 0.004175365344467641 0 0.004909458127081563 0.03515365179959147 0.03588259197412196 0.04853257158498973
out: 0
in: 0.4203655352480418 0.6879432624113475 0 0.1253667840375587 0.1863996478873239 0 0.1438140806561859 0.09603340292275574 0.6 0.5475251447698867 0.6000760109453998 0.5274554614167704 0.6521053218744329
out: 1
in: 0.7571801566579635 0.6028368794326241 0.08531396713615023 0.07687793427230047 0.08428697183098592 0.03961267605633803 0.1713830029619503 0.1815480969969488 0.9 0.5336820813819219 0.6148943724956789 0.5344582130119009 0.8165591978059745
out: 0
in: 0.9216710182767625 0.8723404255319149 0.1255134976525822 0.2391431924882629 0.200044014084507 0.298268779342723 0.6437001594896332 0.4343985867994219 0.7 0.7103420601981052 0.4816293299861183 0.7461350799742401 0.6200275184842954
out: 0
in: 0.9451697127937336 0.9929078014184397 0.2392165492957747 0.2042987089201878 0.2226379107981221 0.203125 0.4191387559808613 0.4421069535892083 0.9 0.5777062329529068 0.8070043520845843 0.6025497704552376 0.985942485279919
out: 0
in: 0.391644908616188 0.5673758865248227 0 0.09096244131455399 0.2167693661971831 0.0002200704225352113 0.1606744133059922 0.1132969327123816 0.7 0.6831388353541468 0.720864191908564 0.6744345157459406 0.7422063432915008
out: 1
in: 0.3681462140992167 0.5460992907801419 0 0.1262470657276995 0.1945422535211268 0 0.1087263613579403 0.1470210374176971 0.4 0.3342454744643599 0.4396381234488194 0.3286717784849217 0.3954741139810159
out: 0
in: 0.4386422976501306 0.6382978723404256 0 0.0925762910798122 0.2319542253521127 0.007409037558685446 0.1310093415356573 0.115063433435041 0.6 0.5785915494369899 0.6232584438196658 0.5793697929259618 0.6127117781163152
out: 1
in: 0.3733681462140992 0.5602836879432624 0 0.07570422535211267 0.2183832159624413 0 0.0785600364547733 0.1278304159306247 0.2 0.1835010065811025 0.2379659406931442 0.1966779594728827 0.167497531092002
out: 0
in: 0.433420365535248 0.6099290780141844 0 0.1258802816901408 0.1339495305164319 0 0.09355206197311461 0.04970290669664365 0.5 0.5236217135474175 0.4576256044073393 0.3905712317165791 0.6438603249161724
out: 0
in: 0.9268929503916449 0.851063829787234 0.2248386150234742 0.2064994131455399 0.1627787558685446 0.1508949530516432 0.3309637730690362 0.4311867673036776 1 0.6589134834101588 0.8561550843385658 0.6627537944359448 0.9390327372621983
out: 0
in: 0.4621409921671018 0.5957446808510638 0 0.1083480046948357 0.1979166666666667 0.00858274647887324 0.1602642971064024 0.1057491568973824 0.7 0.624547289652439 0.7560178437081557 0.6413515366987246 0.7381856504550386
out: 1
in: 0.5091383812010444 0.624113475177305 0 0.1602112676056338 0.1696009389671362 0.01291079812206573 0.1511961722488038 0.09201862855307531 0.5 0.4701005969695819 0.4604759161865272 0.4573642294498748 0.5504203521060048
out: 0
in: 0.7284595300261096 0.7730496453900709 0.08171948356807512 0.08758802816901408 0.1111355633802817 0.05685152582159624 0.2206880838459786 0.1962421711899791 0.8 0.5773038306111126 0.6145787456294839 0.558081484533994 0.8397034662486442
out: 0
in: 0.7597911227154047 0.7163120567375887 0.09932511737089202 0.04379401408450704 0.08604753521126761 0.03653169014084507 0.1779448621553885 0.1539264493335475 0.8 0.5451911457970057 0.5385708300805487 0.5336242153586946 0.7358824310692553
out: 0
in: 0.783289817232376 0.425531914893617 0.06147300469483568 0.05421068075117371 0.08465375586854459 0.05817194835680752 0.6452039188881294 0.7668219046089609 0.7 0.5409255562981968 0.3094714283739162 0.562664438967413 0.3598182371007632
out: 0
in: 0.8302872062663186 0.7872340425531915 0.07254988262910798 0.2174295774647887 0.1217723004694836 0.1244865023474178 0.2892686261107314 0.2342219367271559 0.9 0.804587523014283 0.8845324226940838 0.8280581000663476 0.9769762790172737
out: 0
